0 0.4921875 0.12968750000000004 0.2453125 0.12968750000000004 0.2453125 0.29218750000000004 0.4921875 0.2921875000000001
0 0.73125 0.12812500000000007 0.4921875 0.12812500000000004 0.4921875 0.2921875000000001 0.73125 0.2921875000000001
0 0.925 0.2062500000000001 0.728125 0.2062500000000001 0.728125 0.3859375000000001 0.925 0.3859375000000001
0 0.5828125 0.2718750000000001 0.3640625 0.2718750000000001 0.36406250000000007 0.45 0.5828125 0.45
0 0.321875 0.28125 0.14531250000000004 0.28125 0.14531250000000004 0.45 0.3218750000000001 0.45
0 0.9140625 0.3890625000000001 0.840625 0.3890625000000001 0.840625 0.5640625000000001 0.9140625 0.5640625000000001
0 0.6609375 0.446875 0.4640625 0.446875 0.4640625 0.628125 0.6609375 0.628125
0 0.9078125 0.5609375000000002 0.8328125 0.5609375000000002 0.8328125 0.7281250000000001 0.9078125 0.7281250000000001
0 0.7953125000000001 0.6000000000000001 0.6671875 0.6 0.6671875 0.7625000000000001 0.7953125000000002 0.7625000000000002
0 0.6531250000000001 0.625 0.528125 0.625 0.5281250000000001 0.7953125 0.6531250000000002 0.7953125
0 0.5750000000000001 0.65625 0.3500000000000001 0.65625 0.3500000000000001 0.8671875 0.5750000000000002 0.8671875
0 0.2515625 0.2125 0.06250000000000003 0.2125 0.06250000000000003 0.390625 0.2515625000000001 0.390625
0 0.14687500000000006 0.3875 0.06875000000000005 0.3875 0.06875000000000006 0.5609375 0.1468750000000001 0.5609375
0 0.14843750000000008 0.5546875 0.07656250000000006 0.5546875 0.07656250000000007 0.721875 0.14843750000000008 0.721875
0 0.2671875000000001 0.446875 0.14843750000000006 0.446875 0.14843750000000006 0.609375 0.2671875000000001 0.609375
0 0.27031250000000007 0.5984375 0.1546875000000001 0.5984375 0.1546875000000001 0.7625 0.27031250000000007 0.7625
0 0.46875 0.446875 0.2734375000000001 0.446875 0.2734375000000001 0.6265625 0.46875 0.6265625
0 0.3515625000000001 0.6265625 0.2796875000000001 0.6265625 0.2796875000000001 0.8 0.3515625000000001 0.8
0 0.8015625 0.4453125000000001 0.671875 0.4453125 0.671875 0.6093750000000001 0.8015625 0.6093750000000002
0 0.809375 0.2796875000000001 0.640625 0.2796875000000001 0.640625 0.4484375000000001 0.809375 0.44843750000000016