0 0.2203125 1.3490249896857564e-17 0 0 1.2437819053840305e-17 0.203125 0.2203125 0.203125
0 0.4890625 4.3628042219624463e-17 0.2234375 2.7363201918448673e-17 0.2234375 0.19218750000000004 0.4890625 0.19218750000000004
0 0.7578125 7.654042494670959e-17 0.4921875 6.027558464553379e-17 0.4921875 0.20468750000000008 0.7578125 0.20468750000000008
0 0.22500000000000003 0.19843750000000002 2.430158492058029e-17 0.1984375 4.812479218524365e-17 0.5875 0.2250000000000001 0.5875
0 0.4875 0.19062500000000004 0.21875 0.19062500000000004 0.21875000000000006 0.58125 0.4875 0.58125
0 0.75625 0.20312500000000008 0.4859375 0.20312500000000008 0.4859375 0.5953125000000001 0.75625 0.5953125000000001
0 1 0.21250000000000008 0.7578125 0.21250000000000008 0.7578125 0.6015625000000002 1 0.6015625000000002
0 0.2328125000000001 0.5828125 7.137394626280668e-17 0.5828125 9.137013228013456e-17 0.909375 0.2328125000000001 0.909375
0 0.4953125000000001 0.58125 0.22812500000000008 0.58125 0.22812500000000008 0.909375 0.49531250000000016 0.909375
0 0.7625000000000001 0.5953125000000001 0.490625 0.5953125 0.4906250000000001 0.9078125 0.7625000000000002 0.9078125
0 1 0.5984375000000002 0.7578125 0.5984375000000002 0.7578125000000001 0.909375 1 0.909375
0 1 1.0753929705012696e-16 0.75625 9.26139141855186e-17 0.75625 0.2156250000000001 1 0.2156250000000001