0 0.2828125 0.08281250000000002 0.006250000000000011 0.0828125 0.006250000000000026 0.34375 0.2828125 0.34375
0 0.5546875 0.08125000000000006 0.28125 0.08125000000000004 0.28125 0.34687500000000004 0.5546875 0.3468750000000001
0 0.8265625 0.0828125000000001 0.5546875 0.08281250000000007 0.5546875 0.3468750000000001 0.8265625 0.3468750000000001
0 1 0.07968750000000012 0.828125 0.0796875000000001 0.828125 0.34843750000000007 1 0.34843750000000007
0 0.09531250000000005 0.3375 4.133182947122317e-17 0.3375 5.692694105411524e-17 0.5921875 0.09531250000000006 0.5921875
0 0.27343750000000006 0.3359375 0.09218750000000005 0.3359375 0.09218750000000006 0.596875 0.2734375000000001 0.596875
0 0.459375 0.34062500000000007 0.271875 0.340625 0.27187500000000003 0.5921875 0.459375 0.5921875
0 0.6375 0.3437500000000001 0.453125 0.3437500000000001 0.453125 0.5953125 0.6375 0.5953125
0 0.821875 0.3421875000000001 0.6328125 0.3421875000000001 0.6328125 0.6015625000000001 0.821875 0.6015625000000002
0 1 0.34062500000000007 0.8203125 0.34062500000000007 0.8203125 0.6015625000000002 1 0.6015625000000002
0 0.2531250000000001 0.5859375 7.175664838754022e-17 0.5859375 8.792581315753262e-17 0.85 0.2531250000000001 0.85
0 0.5281250000000001 0.5890625 0.25468750000000007 0.5890625 0.25468750000000007 0.8484375 0.5281250000000002 0.8484375
0 0.803125 0.5921875000000001 0.5296875 0.5921875 0.5296875000000001 0.8546875 0.803125 0.8546875
0 1 0.5953125000000001 0.796875 0.5953125000000001 0.7968750000000001 0.853125 1 0.853125
0 0.09062500000000001 5.549180808636445e-18 0 0 5.644856339819831e-18 0.0921875 0.09062500000000002 0.0921875
0 0.2671875 2.1622670047445454e-17 0.0859375 1.0524308430172567e-17 0.0859375 0.09062500000000001 0.2671875 0.09062500000000002
0 0.45 4.410641987554139e-17 0.2703125 3.3103733789451887e-17 0.2703125 0.08750000000000004 0.45 0.08750000000000005
0 0.6328125 6.639881864127056e-17 0.4515625 5.5300457023997667e-17 0.4515625 0.08593750000000006 0.6328125 0.08593750000000007
0 0.821875 8.926527059410003e-17 0.6359375 7.787988238327699e-17 0.6359375 0.0828125000000001 0.821875 0.08281250000000011
0 1 1.1194037148456274e-16 0.828125 1.0141606305439018e-16 0.828125 0.08281250000000012 1 0.08281250000000014
0 0.07500000000000011 0.8421875 1.0313822261569115e-16 0.8421875 1.0715659492539341e-16 0.9078125 0.07500000000000011 0.9078125
0 0.2562500000000001 0.8421875 0.06875000000000012 0.8421875 0.06875000000000012 0.909375 0.2562500000000001 0.909375
0 0.4343750000000002 0.8390625 0.25468750000000007 0.8390625 0.25468750000000007 0.909375 0.4343750000000002 0.909375
0 0.6156250000000002 0.840625 0.4359375000000002 0.840625 0.4359375000000002 0.909375 0.6156250000000002 0.909375
0 0.7984375000000001 0.8484375 0.6171875000000002 0.8484375 0.6171875000000002 0.909375 0.7984375000000001 0.909375
0 0.9765625 0.8484375 0.7968750000000002 0.8484375 0.7968750000000002 0.909375 0.9765625 0.909375