0 0.184375 1.1289712679639664e-17 0 0 1.291619670975724e-17 0.2109375 0.18437500000000004 0.2109375
0 0.20000000000000004 0.2078125 2.5449691294780934e-17 0.2078125 4.0662100752939466e-17 0.45625 0.2000000000000001 0.45625
0 0.19218750000000007 0.4515625 5.5300457023997667e-17 0.4515625 7.051286648215619e-17 0.7 0.1921875000000001 0.7
0 0.4015625 3.645237738087043e-17 0.19375 2.3727531733479968e-17 0.19375000000000003 0.20625000000000004 0.4015625 0.2062500000000001
0 0.6 6.08496378326341e-17 0.39375 4.8220467716427034e-17 0.39375 0.20468750000000008 0.6 0.20468750000000008
0 0.4046875 0.20156250000000003 0.2015625 0.2015625 0.20156250000000003 0.44375 0.4046875 0.44375
0 0.8 8.543824934676456e-17 0.5953125 7.290475476174086e-17 0.5953125 0.2000000000000001 0.8 0.2000000000000001
0 1 1.1107929170391227e-16 0.8140625 9.969390349308921e-17 0.8140625 0.1984375000000001 1 0.19843750000000013
0 0.60625 0.19843750000000007 0.4 0.19843750000000004 0.4 0.4484375 0.60625 0.4484375
0 0.403125 0.4421875 0.2015625000000001 0.4421875 0.2015625000000001 0.696875 0.403125 0.696875
0 0.6109375 0.440625 0.403125 0.440625 0.403125 0.6984375 0.6109375 0.6984375
0 0.8109375 0.19687500000000008 0.603125 0.19687500000000008 0.603125 0.4437500000000001 0.8109375 0.4437500000000002
0 0.9984375 0.1953125000000001 0.8109375 0.19531250000000008 0.8109375 0.4437500000000002 0.9984375 0.4437500000000002
0 0.83125 0.4468750000000001 0.61875 0.446875 0.61875 0.6921875000000001 0.83125 0.6921875000000002
0 1 0.4390625000000002 0.828125 0.4390625000000002 0.828125 0.6953125000000002 1 0.6953125000000002
0 0.17656250000000012 0.6953125 8.51512227532144e-17 0.6953125 9.873714818125535e-17 0.9171875 0.17656250000000012 0.9171875
0 0.40312500000000007 0.69375 0.1937500000000001 0.69375 0.19375000000000012 0.9203125 0.4031250000000002 0.9203125
0 0.6265625000000001 0.69375 0.4078125 0.69375 0.4078125000000001 0.9203125 0.6265625000000001 0.9203125
0 0.8328125 0.6875000000000001 0.621875 0.6875 0.6218750000000001 0.9171875 0.8328125 0.9171875
0 1 0.6890625000000001 0.834375 0.6890625000000001 0.834375 0.9203125 1 0.9203125