0 0.2812500000000001 0.4 0.07500000000000004 0.4 0.07500000000000005 0.51875 0.2812500000000001 0.51875
0 0.465625 0.41875 0.3109375000000001 0.41875 0.3109375000000001 0.4984375 0.465625 0.4984375
0 0.6625 0.3906250000000001 0.528125 0.3906250000000001 0.528125 0.5109375 0.6625 0.5109375
0 0.896875 0.42968750000000017 0.7375 0.42968750000000017 0.7375 0.5140625000000002 0.896875 0.5140625000000002
0 0.9109375 0.5125000000000001 0.7203125 0.5125 0.7203125 0.6171875000000001 0.9109375 0.6171875000000002
0 0.69375 0.5015625 0.49375 0.5015625 0.49375 0.6109375 0.69375 0.6109375
0 0.46875 0.509375 0.3000000000000001 0.509375 0.3000000000000001 0.6015625 0.46875 0.6015625
0 0.27812500000000007 0.51875 0.06875000000000006 0.51875 0.06875000000000006 0.625 0.27812500000000007 0.625
0 0.23437500000000008 0.625 0.06562500000000007 0.625 0.06562500000000007 0.71875 0.23437500000000008 0.71875
0 0.22656250000000008 0.7203125 0.05625000000000009 0.7203125 0.05625000000000009 0.8125 0.22656250000000008 0.8125
0 0.4875000000000001 0.678125 0.2562500000000001 0.678125 0.2562500000000001 0.815625 0.48750000000000016 0.815625
0 0.6953125000000001 0.709375 0.4921875 0.709375 0.4921875000000001 0.8125 0.6953125000000002 0.8125
0 0.69375 0.60625 0.4921875 0.60625 0.4921875 0.7125 0.69375 0.7125
0 0.909375 0.6109375000000001 0.715625 0.6109375 0.715625 0.7093750000000001 0.909375 0.7093750000000002
0 0.9125 0.7078125000000001 0.7171875 0.7078125 0.7171875000000001 0.815625 0.9125 0.815625
0 0.4625 0.596875 0.29375000000000007 0.596875 0.29375000000000007 0.6859375 0.4625 0.6859375