0 1 0.16875000000000012 0.8625 0.1687500000000001 0.8625 0.3203125000000001 1 0.3203125000000001
0 1 0.31718750000000007 0.865625 0.31718750000000007 0.865625 0.4671875000000002 1 0.4671875000000002
0 0.865625 0.3125000000000001 0.7328125 0.3125000000000001 0.7328125 0.4671875000000002 0.865625 0.4671875000000002
0 1 0.4578125000000002 0.8703125 0.4578125000000002 0.8703125 0.6062500000000002 1 0.6062500000000002
0 0.871875 0.46093750000000017 0.7296875 0.46093750000000017 0.7296875 0.6125000000000002 0.871875 0.6125000000000002
0 0.728125 0.4562500000000001 0.5828125 0.45625 0.5828125 0.6015625000000001 0.728125 0.6015625000000002
0 0.5875000000000001 0.6015625 0.44375 0.6015625 0.4437500000000001 0.7453125 0.5875000000000001 0.7453125
0 1 0.6015625000000002 0.8671875 0.6015625000000002 0.8671875 0.7453125000000002 1 0.7453125000000002
0 0.8703125 0.6062500000000002 0.728125 0.6062500000000002 0.7281250000000001 0.7453125000000002 0.8703125 0.7453125000000002
0 0.7265625000000001 0.6031250000000001 0.5859375 0.603125 0.5859375000000001 0.7468750000000001 0.7265625000000002 0.7468750000000002
0 0.8703125 0.7421875000000002 0.7296875000000002 0.7421875000000002 0.7296875000000002 0.8796875 0.8703125 0.8796875
0 0.7328125000000002 0.7406250000000001 0.5906250000000002 0.740625 0.5906250000000002 0.875 0.7328125000000002 0.875
0 0.5921875000000002 0.7390625 0.45312500000000017 0.7390625 0.45312500000000017 0.8765625 0.5921875000000002 0.8765625
0 0.45625000000000016 0.740625 0.3156250000000001 0.740625 0.3156250000000001 0.875 0.45625000000000016 0.875
0 0.3203125000000001 0.7359375 0.17187500000000008 0.7359375 0.17187500000000008 0.878125 0.3203125000000001 0.878125
0 0.1781250000000001 0.734375 0.034375000000000086 0.734375 0.0343750000000001 0.878125 0.1781250000000001 0.878125
0 1 0.875 0.8640625 0.875 0.8640625 0.9984375 1 0.9984375
0 0.865625 0.8765625 0.7281250000000001 0.8765625 0.7281250000000001 1 0.865625 1
0 0.7312500000000002 0.8765625 0.5906250000000002 0.8765625 0.5906250000000002 1 0.7312500000000002 1
0 0.5921875000000002 0.8765625 0.4546875000000002 0.8765625 0.4546875000000002 1 0.5921875000000002 1
0 0.45625000000000016 0.8734375 0.3187500000000001 0.8734375 0.3187500000000001 0.9984375 0.45625000000000016 0.9984375
0 0.3234375000000001 0.8765625 0.1781250000000001 0.8765625 0.17812500000000012 1 0.3234375000000001 1
0 0.18437500000000012 0.875 0.03593750000000011 0.875 0.035937500000000115 1 0.18437500000000012 1
0 1 0.7406250000000002 0.8703125 0.7406250000000002 0.8703125 0.8796875 1 0.8796875