0 0.5609375 0.07031250000000006 0.3984375 0.07031250000000004 0.3984375 0.30156250000000007 0.5609375 0.30156250000000007
0 0.25000000000000006 0.2890625 0.09062500000000004 0.2890625 0.09062500000000005 0.5125 0.2500000000000001 0.5125
0 0.8765625 0.3046875000000001 0.7203125 0.3046875000000001 0.7203125 0.5250000000000001 0.8765625 0.5250000000000001
0 0.71875 0.2968750000000001 0.5578125 0.2968750000000001 0.5578125 0.51875 0.71875 0.51875
0 0.40625 0.27187500000000003 0.246875 0.271875 0.24687500000000004 0.4984375 0.40625 0.4984375
0 0.5609375 0.30156250000000007 0.403125 0.30156250000000007 0.403125 0.528125 0.5609375 0.528125
0 0.09062500000000008 0.5 6.123233995736766e-17 0.5 7.55836696348757e-17 0.734375 0.0906250000000001 0.734375
0 0.2531250000000001 0.5125 0.09218750000000006 0.5125 0.09218750000000007 0.7421875 0.2531250000000001 0.7421875
0 0.409375 0.496875 0.2515625000000001 0.496875 0.2515625000000001 0.725 0.409375 0.725
0 0.5625000000000001 0.525 0.40625 0.525 0.4062500000000001 0.746875 0.5625000000000002 0.746875
0 0.7140625 0.5203125 0.5609375 0.5203125 0.5609375000000001 0.74375 0.7140625000000002 0.74375
0 0.8703125 0.5281250000000001 0.715625 0.528125 0.7156250000000001 0.7546875000000001 0.8703125 0.7546875000000002
0 0.0953125000000001 0.734375 0.0015625000000000903 0.734375 0.001562500000000101 0.9109375 0.0953125000000001 0.9109375
0 0.2500000000000001 0.7390625 0.0906250000000001 0.7390625 0.0906250000000001 0.90625 0.2500000000000001 0.90625
0 0.41093750000000007 0.7203125 0.2500000000000001 0.7203125 0.2500000000000001 0.9078125 0.4109375000000002 0.9078125
0 1 0.5328125000000001 0.8671875 0.5328125000000001 0.8671875 0.7593750000000001 1 0.7593750000000001
0 0.5609375000000002 0.7484375 0.4078125000000002 0.7484375 0.4078125000000002 0.9109375 0.5609375000000002 0.9109375
0 0.7140625000000002 0.7484375 0.5609375000000002 0.7484375 0.5609375000000002 0.9109375 0.7140625000000002 0.9109375
0 1 0.7578125000000002 0.8671875 0.7578125000000002 0.8671875 0.9125 1 0.9125
0 0.86875 0.7546875000000001 0.7125000000000001 0.7546875 0.7125000000000001 0.9109375 0.86875 0.9109375