0 0.17343750000000005 0.35625 4.362804221962446e-17 0.35625 5.4535052774530576e-17 0.534375 0.17343750000000005 0.534375
0 0.35937500000000006 0.3578125 0.16250000000000003 0.3578125 0.16250000000000003 0.5328125 0.3593750000000001 0.5328125
0 0.5609375 0.36406250000000007 0.3656250000000001 0.36406250000000007 0.3656250000000001 0.5359375 0.5609375 0.5359375
0 0.75625 0.3578125000000001 0.5578125 0.3578125000000001 0.5578125 0.5328125000000001 0.75625 0.5328125000000001
0 0.98125 0.3687500000000001 0.765625 0.3687500000000001 0.765625 0.5437500000000002 0.98125 0.5437500000000002
0 0.11718750000000007 0.5296875 6.486801014233636e-17 0.5296875 7.462691432304183e-17 0.6890625 0.11718750000000008 0.6890625
0 0.2515625000000001 0.5296875 0.11406250000000004 0.5296875 0.11406250000000007 0.6890625 0.2515625000000001 0.6890625
0 0.37968750000000007 0.528125 0.2468750000000001 0.528125 0.2468750000000001 0.690625 0.37968750000000007 0.690625
0 0.50625 0.5328125 0.37187500000000007 0.5328125 0.37187500000000007 0.6984375 0.50625 0.6984375
0 0.6375 0.53125 0.503125 0.53125 0.503125 0.696875 0.6375 0.696875
0 0.7703125 0.5312500000000001 0.63125 0.53125 0.63125 0.6953125000000001 0.7703125 0.6953125000000002
0 0.15781250000000008 0.684375 8.381176531664698e-17 0.684375 9.376202055971922e-17 0.846875 0.15781250000000008 0.846875
0 0.3359375000000001 0.6828125 0.15625000000000008 0.6828125 0.15625000000000008 0.8453125 0.3359375000000001 0.8453125
0 0.9796875 0.5343750000000002 0.76875 0.5343750000000002 0.76875 0.7203125000000001 0.9796875 0.7203125000000001
0 0.5531250000000001 0.6921875 0.3703125000000001 0.6921875 0.3703125000000001 0.85625 0.5531250000000002 0.85625
0 0.7500000000000001 0.690625 0.559375 0.690625 0.5593750000000001 0.8546875 0.7500000000000002 0.8546875
0 0.9625 0.7125000000000001 0.746875 0.7125000000000001 0.7468750000000001 0.875 0.9625 0.875