0 0.2421875 0.08593750000000001 1.0524308430172567e-17 0.0859375 2.1909696640995617e-17 0.271875 0.2421875 0.271875
0 0.24843750000000003 0.275 3.367778697655221e-17 0.275 4.506317518737526e-17 0.4609375 0.2484375000000001 0.4609375
0 0.525 0.27343750000000006 0.2515625 0.2734375 0.2515625 0.459375 0.525 0.459375
0 0.8015625 0.2812500000000001 0.5328125 0.2812500000000001 0.5328125 0.4625000000000001 0.8015625 0.4625000000000002
0 0.2484375000000001 0.4578125 5.606586127346476e-17 0.4578125 6.735557395310443e-17 0.6421875 0.2484375000000001 0.6421875
0 0.521875 0.4546875 0.25468750000000007 0.4546875 0.25468750000000007 0.634375 0.521875 0.634375
0 0.790625 0.4640625000000001 0.51875 0.4640625 0.51875 0.6406250000000001 0.790625 0.6406250000000002
0 0.2484375000000001 0.6375 7.807123344564376e-17 0.6375 8.916959506291665e-17 0.81875 0.2484375000000001 0.81875
0 0.5203125000000001 0.6296875 0.2484375000000001 0.6296875 0.2484375000000001 0.8125 0.5203125000000002 0.8125
0 0.7796875000000001 0.6421875000000001 0.525 0.6421875 0.5250000000000001 0.821875 0.7796875000000002 0.821875
0 1 0.6421875000000001 0.7875 0.6421875000000001 0.7875000000000001 0.815625 1 0.815625
0 1 0.4593750000000002 0.7875 0.4593750000000002 0.7875 0.6421875000000001 1 0.6421875000000001
0 0.2578125000000001 0.8171875 1.0007660561782277e-16 0.8171875 1.0753929705012696e-16 0.9390625 0.2578125000000001 0.9390625
0 0.5265625000000002 0.8140625 0.26250000000000007 0.8140625 0.26250000000000007 0.9390625 0.5265625000000002 0.9390625
0 0.7796875000000002 0.8203125 0.5250000000000001 0.8203125 0.5250000000000001 0.9359375 0.7796875000000002 0.9359375
0 1 0.81875 0.7875000000000002 0.81875 0.7875000000000002 0.9359375 1 0.9359375