0 0.2453125000000001 0.415625 0.07343750000000004 0.415625 0.07343750000000006 0.615625 0.2453125000000001 0.615625
0 0.2468750000000001 0.6109375 0.07031250000000007 0.6109375 0.07031250000000008 0.8140625 0.2468750000000001 0.8140625
0 0.4171875 0.22343750000000004 0.25 0.2234375 0.25000000000000006 0.4203125 0.4171875 0.4203125
0 0.4171875 0.415625 0.2484375000000001 0.415625 0.2484375000000001 0.6125 0.4171875 0.6125
0 0.41875000000000007 0.6109375 0.2484375000000001 0.6109375 0.2484375000000001 0.809375 0.4187500000000002 0.809375
0 0.5859375 0.22812500000000008 0.4171875 0.22812500000000008 0.4171875 0.4203125 0.5859375 0.4203125
0 0.5890625 0.415625 0.4203125 0.415625 0.4203125 0.6140625 0.5890625 0.6140625
0 0.5859375000000001 0.609375 0.4171875 0.609375 0.4171875000000001 0.8078125 0.5859375000000002 0.8078125
0 0.753125 0.22812500000000008 0.5875 0.22812500000000008 0.5875 0.4218750000000001 0.753125 0.42187500000000017
0 0.759375 0.4203125000000001 0.590625 0.4203125 0.590625 0.6125 0.759375 0.6125000000000002
0 0.7578125000000001 0.6109375000000001 0.5921875 0.6109375 0.5921875000000001 0.8078125 0.7578125000000002 0.8078125