0 0.9484375 0.7406250000000002 0.7359375000000001 0.7406250000000002 0.7359375000000001 0.940625 0.9484375 0.940625
0 0.825 0.6125 0.66875 0.6125 0.6687500000000001 0.7406250000000001 0.825 0.7406250000000002
0 0.6953125000000002 0.7328125 0.48437500000000017 0.7328125 0.48437500000000017 0.9234375 0.6953125000000002 0.9234375
0 0.6375 0.5203125 0.5296875 0.5203125 0.5296875 0.6171875 0.6375 0.6171875
0 0.659375 0.6109375 0.4890625 0.6109375 0.48906250000000007 0.7328125 0.6593750000000002 0.7328125
0 0.44531250000000017 0.771875 0.2453125000000001 0.771875 0.2453125000000001 0.9859375 0.44531250000000017 0.9859375
0 0.4593750000000001 0.615625 0.2953125000000001 0.615625 0.2953125000000001 0.7359375 0.4593750000000002 0.7359375
0 0.5296875 0.428125 0.3281250000000001 0.428125 0.3281250000000001 0.621875 0.5296875 0.621875
0 0.2953125000000001 0.49375 0.12031250000000004 0.49375 0.12031250000000007 0.6171875 0.2953125000000001 0.6171875
0 0.2593750000000001 0.6203125 0.09218750000000006 0.6203125 0.09218750000000007 0.7546875 0.2593750000000001 0.7546875
0 0.2468750000000001 0.753125 0.06875000000000009 0.753125 0.0687500000000001 0.9546875 0.2468750000000001 0.9546875