0 0.609375 0.44375 0.4625 0.44375 0.4625 0.6421875 0.609375 0.6421875
0 0.303125 0.09375000000000003 0.1546875 0.09375000000000003 0.15468750000000003 0.2828125 0.303125 0.2828125
0 0.28437500000000004 0.278125 0.13125000000000003 0.278125 0.13125000000000003 0.4640625 0.2843750000000001 0.4640625
0 0.4484375 0.2828125 0.3 0.2828125 0.30000000000000004 0.4671875 0.4484375 0.4671875
0 0.8703125 0.6390625000000002 0.7390625 0.6390625000000002 0.7390625000000001 0.8140625 0.8703125 0.8140625
0 0.6781250000000001 0.6390625 0.5296875 0.6390625 0.5296875000000001 0.8234375 0.6781250000000002 0.8234375
0 0.4359375 0.4625 0.2875000000000001 0.4625 0.2875000000000001 0.6484375 0.4359375 0.6484375
0 0.2843750000000001 0.4640625 0.12968750000000004 0.4640625 0.12968750000000007 0.6484375 0.2843750000000001 0.6484375
0 0.22031250000000008 0.6421875 0.06875000000000009 0.6421875 0.0687500000000001 0.825 0.22031250000000008 0.825
0 0.5281250000000001 0.640625 0.3765625000000001 0.640625 0.3765625000000001 0.821875 0.5281250000000002 0.821875
0 0.3781250000000001 0.6453125 0.22656250000000008 0.6453125 0.22656250000000008 0.825 0.3781250000000001 0.825