0 0.528125 0.15000000000000005 0.4140625 0.15000000000000005 0.4140625 0.22812500000000008 0.528125 0.22812500000000008
0 0.7640625 0.2156250000000001 0.6390625 0.2156250000000001 0.6390625 0.3000000000000001 0.7640625 0.3000000000000001
0 0.7796875 0.2968750000000001 0.596875 0.2968750000000001 0.596875 0.4531250000000001 0.7796875 0.45312500000000017
0 0.5671875000000001 0.5921875 0.3687500000000001 0.5921875 0.3687500000000001 0.740625 0.5671875000000002 0.740625
0 0.803125 0.4484375000000001 0.584375 0.4484375 0.584375 0.6625000000000001 0.803125 0.6625000000000002
0 0.7859375000000001 0.6531250000000001 0.60625 0.653125 0.6062500000000001 0.8109375 0.7859375000000002 0.8109375
0 1 0.3390625000000001 0.85625 0.3390625000000001 0.85625 0.5000000000000002 1 0.5000000000000002
0 0.91875 0.6812500000000001 0.784375 0.6812500000000001 0.784375 0.8890625 0.91875 0.8890625
0 0.5671875 0.415625 0.3781250000000001 0.415625 0.3781250000000001 0.621875 0.5671875 0.621875
0 0.51875 0.23125000000000004 0.3484375 0.23125 0.34843750000000007 0.4375 0.51875 0.4375
0 0.953125 0.26250000000000007 0.821875 0.26250000000000007 0.821875 0.35625000000000007 0.953125 0.35625000000000007
0 0.8875 0.4937500000000002 0.784375 0.4937500000000002 0.784375 0.7078125000000002 0.8875 0.7078125000000002