0 0.8546875 0.2718750000000001 0.7421875 0.2718750000000001 0.7421875 0.5062500000000002 0.8546875 0.5062500000000002
0 0.74375 0.15000000000000008 0.5515625 0.15000000000000008 0.5515625 0.2906250000000001 0.74375 0.2906250000000001
0 0.740625 0.2875000000000001 0.4234375 0.2875000000000001 0.4234375 0.5015625000000001 0.740625 0.5015625000000001
0 0.5546875 0.18593750000000006 0.4140625 0.18593750000000003 0.4140625 0.2921875000000001 0.5546875 0.2921875000000001
0 0.421875 0.20937500000000003 0.2125 0.209375 0.2125 0.35781250000000003 0.421875 0.3578125000000001
0 0.425 0.35937500000000006 0.2296875 0.359375 0.22968750000000004 0.496875 0.425 0.496875
0 0.5281250000000001 0.4953125 0.3375000000000001 0.4953125 0.3375000000000001 0.8359375 0.5281250000000002 0.8359375
0 0.6609375 0.4984375 0.5265625 0.4984375 0.5265625 0.63125 0.6609375 0.63125
0 0.85625 0.4984375000000001 0.6609375 0.4984375 0.6609375 0.64375 0.85625 0.6437500000000002
0 0.8546875 0.64375 0.5421875 0.64375 0.5421875 0.8546875 0.8546875 0.8546875
0 0.3453125000000001 0.7109375 0.1437500000000001 0.7109375 0.1437500000000001 0.85625 0.3453125000000001 0.85625
0 0.34062500000000007 0.4953125 0.21875000000000008 0.4953125 0.21875000000000008 0.7015625 0.34062500000000007 0.7015625