0 0.828125 0.5781250000000001 0.6703125 0.578125 0.6703125 0.6953125000000001 0.828125 0.6953125000000002
0 0.6953125000000001 0.6875 0.4875 0.6875 0.4875000000000001 0.8671875 0.6953125000000002 0.8671875
0 0.5265625 0.403125 0.3281250000000001 0.403125 0.3281250000000001 0.5796875 0.5265625 0.5796875
0 0.6390625 0.49375 0.5265625 0.49375 0.5265625 0.5828125 0.6390625 0.5828125
0 0.2578125000000001 0.584375 0.09375000000000007 0.584375 0.09375000000000008 0.7078125 0.2578125000000001 0.7078125
0 0.4437500000000001 0.7234375 0.2453125000000001 0.7234375 0.2453125000000001 0.9234375 0.4437500000000002 0.9234375
0 0.2953125000000001 0.4703125 0.12500000000000006 0.4703125 0.12500000000000006 0.578125 0.2953125000000001 0.578125
0 0.6546875 0.578125 0.4890625 0.578125 0.4890625 0.6875 0.6546875 0.6875
0 0.9484375 0.6968750000000001 0.73125 0.6968750000000001 0.7312500000000001 0.884375 0.9484375 0.884375
0 0.4578125 0.5796875 0.2953125000000001 0.5796875 0.2953125000000001 0.690625 0.4578125 0.690625
0 0.2484375000000001 0.70625 0.06875000000000009 0.70625 0.0687500000000001 0.8921875 0.2484375000000001 0.8921875