0 0.1609375 9.854579711888859e-18 0 0 1.2246467991473533e-17 0.2 0.16093750000000004 0.2
0 0.15312500000000004 0.203125 2.487563810768061e-17 0.203125 3.9609669909922206e-17 0.44375 0.15312500000000004 0.44375
0 0.578125 4.4967499656191874e-17 0.15625 1.9135106236677395e-17 0.15625000000000003 0.22187500000000004 0.578125 0.2218750000000001
0 0.35156250000000006 0.2125 0.15000000000000005 0.2125 0.15000000000000005 0.45625 0.3515625000000001 0.45625
0 0.5515625 0.21562500000000004 0.34375 0.215625 0.34375000000000006 0.4609375 0.5515625 0.4609375
0 0.16875000000000007 0.4328125 5.300424427559639e-17 0.4328125 6.745124948428782e-17 0.66875 0.1687500000000001 0.66875
0 0.5828125 0.440625 0.15625000000000006 0.440625 0.15625000000000006 0.6734375 0.5828125 0.6734375
0 0.1468750000000001 0.6640625 8.132420150587893e-17 0.6640625 9.577120671457036e-17 0.9 0.1468750000000001 0.9
0 0.3468750000000001 0.6640625 0.1390625000000001 0.6640625 0.1390625000000001 0.8984375 0.3468750000000001 0.8984375
0 0.5468750000000001 0.665625 0.3343750000000001 0.665625 0.3343750000000001 0.896875 0.5468750000000002 0.896875
0 0.996875 9.577120671457036e-17 0.5671875 6.946043563913895e-17 0.5671875 0.2140625000000001 0.996875 0.2140625000000001
0 0.9765625 0.1984375000000001 0.765625 0.1984375000000001 0.765625 0.43750000000000017 0.9765625 0.43750000000000017
0 1 0.4281250000000001 0.5859375 0.428125 0.5859375 0.6734375000000001 1 0.6734375000000001
0 0.7781250000000001 0.6640625000000001 0.56875 0.6640625 0.5687500000000001 0.90625 0.7781250000000002 0.90625
0 0.9828125 0.6640625000000002 0.7765625 0.6640625000000002 0.7765625 0.909375 0.9828125 0.909375
0 0.7609375 0.2062500000000001 0.54375 0.2062500000000001 0.54375 0.4546875000000001 0.7609375 0.4546875000000002