0 0.4890625 4.3436691157257686e-17 0.2203125 2.6980499793715128e-17 0.2203125 0.30000000000000004 0.4890625 0.3000000000000001
0 0.7625 7.692312707144313e-17 0.49375 6.046693570790056e-17 0.49375 0.3000000000000001 0.7625 0.3000000000000001
0 1 1.0734794598776019e-16 0.753125 9.223121206078505e-17 0.753125 0.2968750000000001 1 0.2968750000000001
0 0.23593750000000005 0.2828125 3.463454228838608e-17 0.2828125 5.3865324056246864e-17 0.596875 0.23593750000000008 0.596875
0 0.503125 0.290625 0.2296875 0.290625 0.22968750000000004 0.596875 0.503125 0.596875
0 0.7796875 0.2906250000000001 0.5046875 0.2906250000000001 0.5046875 0.5937500000000001 0.7796875 0.5937500000000002
0 1 0.2890625000000001 0.7828125 0.2890625000000001 0.7828125 0.5937500000000002 1 0.5937500000000002
0 0.2312500000000001 0.5890625 7.213935051227377e-17 0.5890625 8.936094612528342e-17 0.8703125 0.2312500000000001 0.8703125
0 0.49687500000000007 0.5875 0.22656250000000008 0.5875 0.22656250000000008 0.89375 0.4968750000000002 0.89375
0 0.7671875000000001 0.5828125000000001 0.49375 0.5828125 0.4937500000000001 0.903125 0.7671875000000001 0.903125
0 1 0.5921875000000002 0.7734375 0.5921875000000002 0.7734375000000001 0.9078125 1 0.9078125
0 0.2265625 1.3872952021591111e-17 0 0 1.8178350924843523e-17 0.296875 0.2265625 0.296875