0 0.17500000000000004 0.3453125 4.228858478305704e-17 0.3453125 5.2908568744412996e-17 0.51875 0.17500000000000004 0.51875
0 0.36406250000000007 0.34218750000000003 0.16875000000000004 0.3421875 0.16875000000000004 0.5234375 0.36406250000000007 0.5234375
0 0.5671875 0.3531250000000001 0.375 0.3531250000000001 0.37500000000000006 0.53125 0.5671875 0.53125
0 0.7609375 0.3515625000000001 0.5671875 0.3515625000000001 0.5671875 0.5296875000000001 0.7609375 0.5296875000000002
0 0.984375 0.3593750000000001 0.775 0.3593750000000001 0.775 0.5390625000000002 0.984375 0.5390625000000002
0 0.12343750000000006 0.515625 6.31458505810354e-17 0.515625 7.33831324176578e-17 0.6828125 0.12343750000000009 0.6828125
0 0.2562500000000001 0.5171875 0.11875000000000005 0.5171875 0.11875000000000006 0.6828125 0.2562500000000001 0.6828125
0 0.3843750000000001 0.51875 0.2531250000000001 0.51875 0.2531250000000001 0.684375 0.3843750000000001 0.684375
0 0.5140625 0.528125 0.3859375000000001 0.528125 0.3859375000000001 0.6921875 0.5140625 0.6921875
0 0.64375 0.5296875 0.5140625 0.5296875 0.5140625 0.69375 0.64375 0.69375
0 0.7734375 0.5312500000000001 0.6453125 0.53125 0.6453125 0.6875000000000001 0.7734375 0.6875000000000002
0 0.9828125 0.5421875000000002 0.775 0.5421875000000002 0.775 0.7140625000000002 0.9828125 0.7140625000000002
0 0.1609375000000001 0.6796875 8.323771212954667e-17 0.6796875 9.337931843498567e-17 0.8453125 0.1609375000000001 0.8453125
0 0.3468750000000001 0.68125 0.15781250000000008 0.68125 0.15781250000000008 0.8453125 0.3468750000000001 0.8453125
0 0.5625000000000001 0.6875 0.37968750000000007 0.6875 0.37968750000000007 0.85 0.5625000000000002 0.85
0 0.7578125000000001 0.690625 0.5703125 0.690625 0.5703125000000001 0.8546875 0.7578125000000002 0.8546875
0 0.965625 0.7125000000000001 0.759375 0.7125000000000001 0.7593750000000001 0.86875 0.965625 0.86875