0 0.26875 0.07656250000000002 0.1 0.07656250000000002 0.10000000000000002 0.3390625 0.26875 0.3390625
0 0.434375 0.07656250000000003 0.271875 0.07656250000000002 0.271875 0.34375000000000006 0.434375 0.3437500000000001
0 0.5953125 0.08125000000000006 0.428125 0.08125000000000004 0.428125 0.3421875000000001 0.5953125 0.3421875000000001
0 0.7515625 0.07968750000000008 0.5890625 0.07968750000000006 0.5890625 0.3437500000000001 0.7515625 0.3437500000000001
0 0.9203125 0.0812500000000001 0.7453125 0.08125000000000009 0.7453125 0.3500000000000001 0.9203125 0.3500000000000001
0 0.26406250000000003 0.35 0.09531250000000005 0.35 0.09531250000000005 0.6296875 0.2640625000000001 0.6296875
0 0.4328125 0.35468750000000004 0.2671875 0.3546875 0.2671875 0.634375 0.4328125 0.634375
0 0.5921875 0.3390625000000001 0.428125 0.3390625000000001 0.428125 0.61875 0.5921875 0.61875
0 0.7578125 0.3468750000000001 0.5890625 0.3468750000000001 0.5890625 0.6265625000000001 0.7578125 0.6265625000000001
0 0.921875 0.34843750000000007 0.7515625 0.34843750000000007 0.7515625 0.6328125000000002 0.921875 0.6328125000000002
0 0.28593750000000007 0.61875 0.07500000000000007 0.61875 0.0750000000000001 0.85625 0.28593750000000007 0.85625
0 0.4906250000000001 0.6234375 0.28593750000000007 0.6234375 0.28593750000000007 0.8625 0.4906250000000002 0.8625
0 0.7093750000000001 0.634375 0.4984375 0.634375 0.4984375000000001 0.86875 0.7093750000000002 0.86875
0 0.925 0.6296875000000001 0.7109375 0.6296875 0.7109375000000001 0.8640625 0.925 0.8640625