0 0.159375 9.75890418070547e-18 0 0 5.549180808636445e-18 0.09062500000000001 0.159375 0.09062500000000002
0 0.17343750000000002 0.08750000000000001 1.071565949253934e-17 0.0875 2.171834557862884e-17 0.2671875 0.17343750000000005 0.2671875
0 0.17500000000000007 0.259375 3.1764276352884476e-17 0.259375 5.788369636594911e-17 0.6859375 0.1750000000000001 0.6859375
0 0.3421875 0.03593750000000003 0.1734375 0.035937500000000025 0.17343750000000002 0.2453125 0.3421875 0.2453125
0 0.3375 0.2359375 0.17343750000000005 0.2359375 0.17343750000000008 0.678125 0.3375000000000001 0.678125
0 0.4609375 0.03593750000000005 0.3421875 0.035937500000000046 0.34218750000000003 0.4625 0.4609375 0.4625
0 0.7265625 7.319178135529103e-17 0.46875 5.740531871003217e-17 0.46875 0.10312500000000006 0.7265625 0.10312500000000009
0 0.721875 0.09687500000000007 0.4625 0.09687500000000007 0.4625 0.4578125 0.721875 0.4578125
0 1 1.0572146195764259e-16 0.7265625 8.897824400054988e-17 0.7265625 0.12187500000000011 1 0.12187500000000014
0 1 0.1109375000000001 0.7265625 0.11093750000000009 0.7265625 0.2093750000000001 1 0.2093750000000001
0 0.996875 0.20312500000000008 0.7234375 0.20312500000000008 0.7234375 0.3421875000000001 0.996875 0.3421875000000001
0 1 0.3468750000000001 0.759375 0.3468750000000001 0.759375 0.6250000000000002 1 0.6250000000000002
0 0.7609375 0.4546875000000001 0.3609375000000001 0.4546875 0.3609375000000001 0.7250000000000001 0.7609375 0.7250000000000002
0 0.2671875000000001 0.7171875 8.783013762634924e-17 0.7171875 9.9885254555456e-17 0.9140625 0.2671875000000001 0.9140625
0 0.7828125000000001 0.7546875000000001 0.2687500000000001 0.7546875 0.2687500000000001 0.9109375 0.7828125000000001 0.9109375
0 1 0.7250000000000002 0.809375 0.7250000000000002 0.809375 0.909375 1 0.909375