0 0.259375 1.5882138176442238e-17 0 0 1.7221595613009655e-17 0.28125 0.259375 0.28125
0 0.521875 4.7837765591693485e-17 0.259375 3.1764276352884476e-17 0.259375 0.28125000000000006 0.521875 0.2812500000000001
0 0.784375 7.998474406931151e-17 0.521875 6.39112548305025e-17 0.521875 0.2828125000000001 0.784375 0.2828125000000001
0 1 1.0935713214261131e-16 0.7859375 9.62495843704873e-17 0.7859375 0.27812500000000007 1 0.27812500000000007
0 0.26875000000000004 0.278125 3.406048910128576e-17 0.278125 5.558748361754783e-17 0.6296875 0.2687500000000001 0.6296875
0 0.5265625 0.27343750000000006 0.26875 0.2734375 0.26875000000000004 0.6328125 0.5265625 0.6328125
0 0.7953125 0.2734375000000001 0.5265625 0.2734375000000001 0.5265625 0.6328125000000001 0.7953125 0.6328125000000002
0 0.9984375 0.2687500000000001 0.7875 0.2687500000000001 0.7875 0.6281250000000002 0.9984375 0.6281250000000002
0 0.25468750000000007 0.625 7.654042494670958e-17 0.625 9.3953371622086e-17 0.909375 0.25468750000000007 0.909375
0 0.5250000000000001 0.621875 0.2562500000000001 0.621875 0.2562500000000001 0.909375 0.5250000000000001 0.909375
0 0.7890625000000001 0.6250000000000001 0.5234375 0.625 0.5234375000000001 0.9078125 0.7890625000000002 0.9078125
0 0.996875 0.6187500000000001 0.7859375 0.6187500000000001 0.7859375000000001 0.9109375 0.996875 0.9109375