0 0.428125 2.6215095544248028e-17 0 0 1.7221595613009658e-17 0.28125000000000006 0.428125 0.2812500000000001
0 0.7765625 7.367015901120796e-17 0.4265625 5.223884002612928e-17 0.4265625 0.2468750000000001 0.7765625 0.2468750000000001
0 0.12343750000000006 0.2875 3.5208595475486407e-17 0.2875 5.463072830571396e-17 0.6046875 0.12343750000000009 0.6046875
0 0.33906250000000004 0.2703125 0.12187500000000004 0.2703125 0.12187500000000007 0.709375 0.3390625000000001 0.709375
0 1 1.0878307895551099e-16 0.7765625 9.510147799628666e-17 0.7765625 0.3203125000000001 1 0.3203125000000001
0 1 0.3125000000000001 0.7890625 0.3125000000000001 0.7890625000000001 0.8109375 1 0.8109375
0 0.1250000000000001 0.590625 7.233070157464055e-17 0.590625 9.175283440486812e-17 0.9078125 0.12500000000000014 0.9078125
0 0.3500000000000001 0.7140625 0.12500000000000008 0.7140625 0.12500000000000008 0.9046875 0.3500000000000001 0.9046875
0 0.7984375000000001 0.6531250000000001 0.3578125000000001 0.653125 0.3578125000000001 0.9046875 0.7984375000000001 0.9046875
0 0.6875000000000001 0.496875 0.415625 0.496875 0.4156250000000001 0.7875 0.6875000000000002 0.7875
0 0.7734375 0.23750000000000004 0.328125 0.2375 0.32812500000000006 0.6968750000000001 0.7734375 0.6968750000000001