0 0.7609375 0.64375 0.609375 0.64375 0.6093750000000001 0.9109375 0.7609375000000002 0.9109375
0 0.3781250000000001 0.596875 0.2828125000000001 0.596875 0.2828125000000001 0.8046875 0.3781250000000001 0.8046875
0 0.484375 0.41875 0.3750000000000001 0.41875 0.3750000000000001 0.63125 0.484375 0.63125
0 0.37968750000000007 0.4203125 0.2843750000000001 0.4203125 0.2843750000000001 0.615625 0.37968750000000007 0.615625
0 0.28593750000000007 0.4203125 0.2015625000000001 0.4203125 0.2015625000000001 0.6 0.28593750000000007 0.6
0 0.2875000000000001 0.5890625 0.20312500000000008 0.5890625 0.20312500000000008 0.778125 0.2875000000000001 0.778125
0 0.7640625 0.4156250000000001 0.60625 0.415625 0.60625 0.6687500000000001 0.7640625 0.6687500000000002
0 0.4843750000000001 0.6125 0.3734375000000001 0.6125 0.3734375000000001 0.834375 0.48437500000000017 0.834375
0 0.6859375 0.18593750000000006 0.540625 0.18593750000000003 0.540625 0.425 0.6859375 0.425
0 0.546875 0.21093750000000008 0.4234375 0.21093750000000008 0.4234375 0.4265625 0.546875 0.4265625
0 0.4265625 0.22343750000000004 0.321875 0.2234375 0.321875 0.4234375 0.4265625 0.4234375
0 0.32656250000000003 0.2375 0.2390625 0.2375 0.23906250000000004 0.425 0.3265625000000001 0.425
0 0.571875 6.247612186275169e-17 0.4484375 5.4917754899264124e-17 0.4484375 0.2234375000000001 0.571875 0.2234375000000001
0 0.4515625 0.02187500000000005 0.3515625 0.021875000000000044 0.3515625 0.23593750000000005 0.4515625 0.23593750000000008
0 0.35625 0.05312500000000003 0.265625 0.05312500000000002 0.265625 0.2484375 0.35625 0.2484375
0 0.6125 0.421875 0.4828125 0.421875 0.4828125 0.6484375 0.6125 0.6484375
0 0.6125 0.6265625 0.478125 0.6265625 0.4781250000000001 0.8734375 0.6125000000000002 0.8734375