0 0.2421875 1.4829707333424978e-17 0 0 1.674321795709272e-17 0.2734375 0.2421875 0.2734375
0 0.5109375 4.63069570927593e-17 0.2453125 3.004211679158351e-17 0.2453125 0.28593750000000007 0.5109375 0.28593750000000007
0 0.24531250000000004 0.2640625 3.2338329539984796e-17 0.2640625 5.252586661967944e-17 0.59375 0.2453125000000001 0.59375
0 0.5078125 0.28437500000000004 0.2359375 0.284375 0.23593750000000005 0.6 0.5078125 0.6
0 0.7953125 7.998474406931151e-17 0.5109375 6.257179739393508e-17 0.5109375 0.3109375000000001 0.7953125 0.3109375000000001
0 1 1.0993118532971163e-16 0.7953125 9.739769074468794e-17 0.7953125 0.2734375000000001 1 0.2734375000000001
0 0.8015625 0.30156250000000007 0.5140625 0.30156250000000007 0.5140625 0.64375 0.8015625 0.6437500000000002
0 1 0.2687500000000001 0.8 0.2687500000000001 0.8 0.6125000000000002 1 0.6125000000000002
0 0.2390625000000001 0.5875 7.1947999449907e-17 0.5875 9.16571588736847e-17 0.909375 0.2390625000000001 0.909375
0 0.5140625000000001 0.596875 0.2484375000000001 0.596875 0.2484375000000001 0.909375 0.5140625000000002 0.909375
0 0.8078125 0.6375000000000001 0.5171875 0.6375 0.5171875000000001 0.9203125 0.8078125 0.9203125
0 1 0.5984375000000002 0.8109375 0.5984375000000002 0.8109375 0.9203125 1 0.9203125