0 0.2375 1.578646264525885e-17 0.0203125 2.487563810768061e-18 0.020312500000000008 0.15468750000000003 0.2375 0.15468750000000003
0 0.446875 4.171453159595672e-17 0.234375 2.870265935501609e-17 0.234375 0.15312500000000004 0.446875 0.15312500000000004
0 0.65625 6.725989842192105e-17 0.4421875 5.415235064979703e-17 0.4421875 0.15312500000000007 0.65625 0.1531250000000001
0 0.875 9.376202055971923e-17 0.65625 8.036744619404505e-17 0.65625 0.1515625000000001 0.875 0.1515625000000001
0 1 1.1452361082651422e-16 0.8703125 1.0658254173829309e-16 0.8703125 0.1484375000000001 1 0.14843750000000014
0 0.2453125 0.15000000000000002 0.025000000000000022 0.15 0.025000000000000033 0.3296875 0.2453125 0.3296875
0 0.4625 0.15156250000000004 0.2484375 0.15156250000000004 0.2484375 0.3296875 0.4625 0.3296875000000001
0 0.8859375 0.1453125000000001 0.671875 0.1453125000000001 0.671875 0.3265625000000001 0.8859375 0.3265625000000001
0 1 0.1421875000000001 0.8828125 0.14218750000000008 0.8828125 0.3234375000000001 1 0.3234375000000001
0 0.671875 0.14843750000000006 0.45625 0.14843750000000006 0.45625 0.3234375000000001 0.671875 0.3234375000000001
0 0.6515625 0.3890625000000001 0.4265625 0.3890625000000001 0.4265625 0.5765625 0.6515625 0.5765625
0 0.878125 0.38750000000000007 0.65 0.38750000000000007 0.65 0.58125 0.878125 0.5812500000000002
0 1 0.3921875000000001 0.8859375 0.3921875000000001 0.8859375 0.5812500000000002 1 0.5812500000000002
0 0.21250000000000008 0.578125 7.079989307570636e-17 0.578125 8.247230788007957e-17 0.76875 0.21250000000000008 0.76875
0 0.4375000000000001 0.578125 0.2062500000000001 0.578125 0.2062500000000001 0.7671875 0.43750000000000017 0.7671875
0 0.6609375000000001 0.571875 0.43125 0.571875 0.4312500000000001 0.76875 0.6609375000000002 0.76875
0 0.8875 0.5734375 0.65625 0.5734375 0.6562500000000001 0.7671875000000001 0.8875 0.7671875000000001
0 1 0.5765625000000002 0.8828125 0.5765625000000002 0.8828125 0.7640625000000002 1 0.7640625000000002
0 0.2140625000000001 0.759375 9.299661631025214e-17 0.759375 1.0285119602214098e-16 0.9203125 0.2140625000000001 0.9203125
0 0.43750000000000017 0.7578125 0.21093750000000008 0.7578125 0.21093750000000008 0.9203125 0.43750000000000017 0.9203125
0 0.6546875000000002 0.7578125 0.4312500000000002 0.7578125 0.4312500000000002 0.91875 0.6546875000000002 0.91875
0 0.878125 0.7593750000000001 0.6531250000000002 0.759375 0.6531250000000002 0.9203125 0.878125 0.9203125
0 1 0.7578125000000002 0.878125 0.7578125000000002 0.878125 0.921875 1 0.921875
0 0.2515625 0.3265625 0.03750000000000005 0.3265625 0.037500000000000054 0.5 0.2515625000000001 0.5
0 0.4265625 0.32343750000000004 0.25 0.3234375 0.25000000000000006 0.5015625 0.4265625 0.5015625