0 0.1125 6.888638245203862e-18 0 0 6.792962714020475e-18 0.1109375 0.1125 0.1109375
0 0.3046875 2.5832393419514485e-17 0.1171875 1.4351329677508044e-17 0.1171875 0.11093750000000002 0.3046875 0.11093750000000005
0 0.5046875 5.0038302808911385e-17 0.3125 3.827021247335479e-17 0.3125 0.10937500000000004 0.5046875 0.10937500000000004
0 0.703125 7.433988772949167e-17 0.5109375 6.257179739393508e-17 0.5109375 0.11093750000000006 0.703125 0.11093750000000009
0 0.871875 9.682363755758761e-17 0.709375 8.687338231451536e-17 0.709375 0.10312500000000009 0.871875 0.10312500000000009
0 0.9984375 1.1490631295124777e-16 0.878125 1.0753929705012696e-16 0.878125 0.10625000000000011 0.9984375 0.10625000000000014
0 0.08125000000000003 0.109375 1.3394574365674177e-17 0.109375 2.784157957436561e-17 0.3453125 0.08125000000000004 0.3453125
0 0.2359375 0.10937500000000003 0.08906250000000002 0.109375 0.08906250000000003 0.3484375 0.2359375 0.3484375
0 0.3859375 0.11250000000000004 0.2328125 0.11250000000000004 0.2328125 0.34843750000000007 0.3859375 0.34843750000000007
0 0.534375 0.10937500000000004 0.3890625 0.10937500000000004 0.3890625 0.34843750000000007 0.534375 0.34843750000000007
0 0.678125 0.10937500000000007 0.5375 0.10937500000000004 0.5375 0.3421875000000001 0.678125 0.3421875000000001
0 0.825 0.10781250000000009 0.684375 0.10781250000000009 0.684375 0.34062500000000007 0.825 0.34062500000000007
0 0.971875 0.10781250000000012 0.8328125 0.10781250000000009 0.8328125 0.34062500000000007 0.971875 0.34062500000000007
0 0.12343750000000006 0.3453125 4.228858478305704e-17 0.3453125 5.692694105411524e-17 0.584375 0.12343750000000009 0.584375
0 0.3375 0.3453125 0.13906250000000003 0.3453125 0.13906250000000006 0.5875 0.3375000000000001 0.5875
0 0.5296875 0.35000000000000003 0.3421875 0.35 0.34218750000000003 0.584375 0.5296875 0.584375
0 0.7265625 0.34843750000000007 0.5359375 0.34843750000000007 0.5359375 0.5828125000000001 0.7265625 0.5828125000000002
0 0.9171875 0.3437500000000001 0.73125 0.3437500000000001 0.73125 0.5796875000000001 0.9171875 0.5796875000000001
0 0.0906250000000001 0.5890625 7.213935051227377e-17 0.5890625 8.629932912741505e-17 0.8203125 0.09062500000000011 0.8203125
0 0.2453125000000001 0.5890625 0.10156250000000008 0.5890625 0.10156250000000008 0.828125 0.2453125000000001 0.828125
0 0.3906250000000001 0.5890625 0.2531250000000001 0.5890625 0.2531250000000001 0.81875 0.3906250000000001 0.81875
0 0.5468750000000001 0.5890625 0.4046875 0.5890625 0.4046875000000001 0.815625 0.5468750000000002 0.815625
0 0.690625 0.5859375 0.55 0.5859375 0.55 0.8171875 0.6906250000000002 0.8171875
0 0.8328125 0.58125 0.696875 0.58125 0.6968750000000001 0.8015625 0.8328125 0.8015625
0 0.9796875 0.5703125000000002 0.84375 0.5703125000000002 0.84375 0.8015625 0.9796875 0.8015625
0 0.13906250000000012 0.8234375 1.0084200986728987e-16 0.8234375 1.0610416408237614e-16 0.909375 0.13906250000000014 0.909375
0 0.3343750000000001 0.8234375 0.1453125000000001 0.8234375 0.14531250000000012 0.909375 0.3343750000000001 0.909375
0 0.5312500000000002 0.815625 0.3375000000000001 0.815625 0.3375000000000001 0.909375 0.5312500000000002 0.909375
0 0.7296875000000002 0.8140625 0.5390625000000002 0.8140625 0.5390625000000002 0.9078125 0.7296875000000002 0.9078125
0 0.921875 0.809375 0.7343750000000002 0.809375 0.7343750000000002 0.9078125 0.921875 0.9078125
0 0.9984375 0.8046875 0.928125 0.8046875 0.928125 0.9078125 0.9984375 0.9078125