0 0.1265625 7.749718025854345e-18 0 0 1.071565949253934e-17 0.175 0.1265625 0.175
0 0.12500000000000003 0.171875 0.001562500000000021 0.171875 0.001562500000000032 0.353125 0.12500000000000006 0.353125
0 0.12656250000000005 0.3546875 4.343669115725768e-17 0.3546875 5.443937724334719e-17 0.534375 0.12656250000000005 0.534375
0 0.12656250000000008 0.5328125 6.52507122670699e-17 0.5328125 7.644474941552619e-17 0.715625 0.12656250000000008 0.715625
0 0.265625 2.3823207264663357e-17 0.1234375 1.511673392697514e-17 0.1234375 0.17812500000000003 0.265625 0.17812500000000003
0 0.2640625 0.17343750000000002 0.125 0.1734375 0.12500000000000003 0.3578125 0.2640625 0.3578125
0 0.26250000000000007 0.5328125 0.12500000000000006 0.5328125 0.12500000000000006 0.7171875 0.26250000000000007 0.7171875
0 0.2656250000000001 0.7140625 0.1296875000000001 0.7140625 0.1296875000000001 0.8796875 0.2656250000000001 0.8796875
0 0.403125 4.075777628412285e-17 0.2625 3.214697847761802e-17 0.2625 0.17656250000000004 0.403125 0.17656250000000004
0 0.403125 0.17343750000000005 0.2609375 0.17343750000000005 0.2609375 0.353125 0.403125 0.3531250000000001
0 0.403125 0.35468750000000004 0.2625 0.3546875 0.26250000000000007 0.5328125 0.403125 0.5328125
0 0.403125 0.5328125 0.26250000000000007 0.5328125 0.26250000000000007 0.7125 0.403125 0.7125
0 0.4015625000000001 0.709375 0.2609375000000001 0.709375 0.2609375000000001 0.88125 0.40156250000000016 0.88125
0 0.540625 0.0015625000000000575 0.4015625 0.0015625000000000493 0.4015625 0.17500000000000004 0.540625 0.17500000000000004
0 0.5421875 0.17343750000000005 0.4 0.17343750000000005 0.4 0.3546875000000001 0.5421875 0.3546875000000001
0 0.540625 0.5328125 0.403125 0.5328125 0.403125 0.7125 0.540625 0.7125
0 0.5421875 0.7109375 0.4015625 0.7109375 0.4015625000000001 0.8796875 0.5421875000000002 0.8796875
0 0.678125 7.453123879185844e-17 0.5390625 6.6016116516537e-17 0.5390625 0.17500000000000007 0.678125 0.1750000000000001
0 0.6796875 0.17187500000000006 0.5390625 0.17187500000000006 0.5390625 0.3531250000000001 0.6796875 0.3531250000000001
0 0.678125 0.3531250000000001 0.5375 0.3531250000000001 0.5375 0.5328125 0.678125 0.5328125
0 0.678125 0.534375 0.5390625 0.534375 0.5390625 0.7140625 0.678125 0.7140625
0 0.6796875000000001 0.7125 0.540625 0.7125 0.5406250000000001 0.88125 0.6796875000000002 0.88125
0 0.81875 9.16571588736847e-17 0.678125 8.304636106717989e-17 0.678125 0.1687500000000001 0.81875 0.1687500000000001
0 0.8171875 0.1703125000000001 0.678125 0.1703125000000001 0.678125 0.3515625000000001 0.8171875 0.3515625000000001
0 0.815625 0.3500000000000001 0.675 0.3500000000000001 0.675 0.534375 0.815625 0.5343750000000002
0 0.8140625 0.5328125000000001 0.675 0.5328125 0.675 0.7140625 0.8140625 0.7140625000000002
0 0.815625 0.7140625 0.678125 0.7140625 0.6781250000000001 0.88125 0.815625 0.88125
0 0.9578125 0.0015625000000001085 0.8171875 0.0015625000000000998 0.8171875 0.16875000000000012 0.9578125 0.16875000000000012
0 0.9578125 0.1656250000000001 0.8171875 0.16562500000000008 0.8171875 0.3500000000000001 0.9578125 0.3500000000000001
0 0.95625 0.3515625000000001 0.8171875 0.3515625000000001 0.8171875 0.5343750000000002 0.95625 0.5343750000000002
0 0.9546875 0.5296875000000002 0.815625 0.5296875000000002 0.815625 0.7109375000000002 0.9546875 0.7109375000000002
0 0.95625 0.7093750000000002 0.8171875 0.7093750000000002 0.8171875 0.88125 0.95625 0.88125
0 0.540625 0.3515625000000001 0.4015625 0.3515625000000001 0.4015625 0.5328125 0.540625 0.5328125
0 0.26406250000000003 0.353125 0.12500000000000006 0.353125 0.12500000000000006 0.5375 0.2640625000000001 0.5375
0 0.1312500000000001 0.715625 8.763878656398247e-17 0.715625 9.76847173382381e-17 0.8796875 0.1312500000000001 0.8796875