0 0.2171875 0.11406250000000002 0.020312500000000018 0.1140625 0.020312500000000032 0.353125 0.2171875 0.353125
0 0.22031250000000005 0.3578125 0.026562500000000044 0.3578125 0.026562500000000062 0.5921875 0.22031250000000008 0.5921875
0 0.2171875000000001 0.590625 0.025000000000000078 0.590625 0.025000000000000088 0.8375 0.2171875000000001 0.8375
0 0.415625 0.12500000000000006 0.2203125 0.12500000000000006 0.2203125 0.353125 0.415625 0.3531250000000001
0 0.40625 0.35937500000000006 0.21875 0.359375 0.21875000000000006 0.59375 0.40625 0.59375
0 0.4062500000000001 0.5890625 0.2156250000000001 0.5890625 0.2156250000000001 0.8265625 0.40625000000000017 0.8265625
0 0.6 0.12968750000000007 0.4140625 0.12968750000000004 0.4140625 0.36406250000000007 0.6 0.36406250000000007
0 0.5953125 0.3593750000000001 0.4078125 0.3593750000000001 0.4078125 0.5984375 0.5953125 0.5984375
0 0.5875000000000001 0.590625 0.403125 0.590625 0.40312500000000007 0.828125 0.5875000000000001 0.828125
0 0.784375 0.1296875000000001 0.603125 0.1296875000000001 0.603125 0.36406250000000007 0.784375 0.36406250000000007
0 0.7828125 0.3625000000000001 0.5984375 0.3625000000000001 0.5984375 0.5984375000000001 0.7828125 0.5984375000000002
0 0.7765625 0.596875 0.584375 0.596875 0.5843750000000001 0.8359375 0.7765625000000002 0.8359375
0 0.978125 0.1281250000000001 0.7953125 0.1281250000000001 0.7953125 0.3671875000000001 0.978125 0.3671875000000001
0 0.9671875 0.3609375000000001 0.7828125 0.3609375000000001 0.7828125 0.6031250000000001 0.9671875 0.6031250000000001
0 0.965625 0.5953125000000001 0.7765625 0.5953125000000001 0.7765625 0.8375 0.965625 0.8375