0 0.20625 0.10468750000000002 0.007812500000000014 0.1046875 0.00781250000000003 0.3625 0.20625 0.3625
0 0.396875 0.11250000000000004 0.2078125 0.11250000000000004 0.2078125 0.36250000000000004 0.396875 0.3625000000000001
0 0.2078125000000001 0.3671875 0.009375000000000045 0.3671875 0.00937500000000006 0.621875 0.2078125000000001 0.621875
0 0.2062500000000001 0.6265625 0.010937500000000077 0.6265625 0.010937500000000091 0.86875 0.2062500000000001 0.86875
0 0.4 0.36562500000000003 0.2093750000000001 0.365625 0.2093750000000001 0.6140625 0.4 0.6140625
0 0.40312500000000007 0.61875 0.21093750000000008 0.61875 0.21093750000000008 0.8625 0.4031250000000002 0.8625
0 0.590625 0.11562500000000006 0.396875 0.11562500000000005 0.39687500000000003 0.3703125000000001 0.590625 0.3703125000000001
0 0.59375 0.3671875000000001 0.4015625 0.3671875000000001 0.4015625 0.615625 0.59375 0.615625
0 0.5937500000000001 0.6171875 0.4046875 0.6171875 0.4046875000000001 0.8625 0.5937500000000002 0.8625
0 0.7890625 0.12343750000000009 0.59375 0.12343750000000009 0.59375 0.3750000000000001 0.7890625 0.3750000000000001
0 0.7890625 0.3765625000000001 0.59375 0.3765625000000001 0.59375 0.6203125 0.7890625 0.6203125000000002
0 0.7890625000000001 0.6234375000000001 0.5953125 0.6234375 0.5953125000000001 0.865625 0.7890625000000002 0.865625
0 0.9859375 0.6171875000000002 0.7875 0.6171875000000002 0.7875000000000001 0.8671875 0.9859375 0.8671875
0 0.9890625 0.3703125000000001 0.790625 0.3703125000000001 0.790625 0.6203125000000002 0.9890625 0.6203125000000002
0 0.984375 0.1187500000000001 0.790625 0.11875000000000009 0.790625 0.3656250000000001 0.984375 0.3656250000000001