0 0.4140625 0.08281250000000004 0.2265625 0.08281250000000002 0.2265625 0.32500000000000007 0.4140625 0.32500000000000007
0 0.590625 0.08437500000000006 0.4125 0.08437500000000005 0.4125 0.32500000000000007 0.590625 0.32500000000000007
0 0.76875 0.08437500000000007 0.5875 0.08437500000000006 0.5875 0.32500000000000007 0.76875 0.32500000000000007
0 0.32656250000000003 0.3234375 0.13906250000000003 0.3234375 0.13906250000000006 0.56875 0.3265625000000001 0.56875
0 0.50625 0.32500000000000007 0.321875 0.325 0.321875 0.56875 0.50625 0.56875
0 0.6859375 0.3234375000000001 0.5046875 0.3234375000000001 0.5046875 0.5671875 0.6859375 0.5671875
0 0.86875 0.3234375000000001 0.684375 0.3234375000000001 0.684375 0.565625 0.86875 0.5656250000000002
0 0.22812500000000008 0.565625 0.04687500000000007 0.565625 0.04687500000000008 0.809375 0.22812500000000008 0.809375
0 0.4093750000000001 0.5671875 0.2312500000000001 0.5671875 0.2312500000000001 0.80625 0.40937500000000016 0.80625
0 0.5953125000000001 0.5671875 0.415625 0.5671875 0.4156250000000001 0.80625 0.5953125000000001 0.80625
0 0.7750000000000001 0.5671875000000001 0.5984375 0.5671875 0.5984375000000001 0.8046875 0.7750000000000001 0.8046875
0 0.9578125 0.5625000000000002 0.775 0.5625000000000002 0.7750000000000001 0.80625 0.9578125 0.80625