0 0.2046875 0.08750000000000001 0.004687500000000011 0.0875 0.004687500000000026 0.33125 0.2046875 0.33125
0 0.5578125 0.31250000000000006 0.19531250000000006 0.3125 0.19531250000000006 0.5734375 0.5578125 0.5734375
0 0.19531250000000008 0.55625 6.812097820257152e-17 0.55625 8.266365894244634e-17 0.79375 0.19531250000000008 0.79375
0 0.5421875 0.5640625 0.2015625000000001 0.5640625 0.2015625000000001 0.834375 0.5421875000000002 0.834375
0 0.20625000000000004 0.3234375 3.9609669909922206e-17 0.3234375 5.463072830571396e-17 0.56875 0.2062500000000001 0.56875
0 0.6875 0.09375000000000007 0.359375 0.09375000000000004 0.359375 0.3296875 0.6875 0.3296875000000001
0 1 0.3203125000000001 0.6859375 0.3203125000000001 0.6859375 0.565625 1 0.5656250000000002
0 1 0.5562500000000001 0.7359375 0.5562500000000001 0.7359375000000001 0.8125 1 0.8125
0 1 0.06718750000000011 0.690625 0.0671875000000001 0.690625 0.3281250000000001 1 0.3281250000000001
0 0.06562500000000002 4.018372309702253e-18 0 0 6.792962714020475e-18 0.1109375 0.06562500000000002 0.1109375
0 0.3859375 2.946806360448319e-17 0.0953125 1.1672414804373211e-17 0.09531250000000001 0.12812500000000002 0.3859375 0.12812500000000004
0 0.715625 0.0015625000000000673 0.3828125 0.0015625000000000471 0.3828125 0.12343750000000006 0.715625 0.12343750000000009
0 1 1.0476470664580872e-16 0.7109375 8.706473337688214e-17 0.7109375 0.09843750000000011 1 0.09843750000000014