0 0.21406250000000004 0.17187500000000003 2.1048616860345134e-17 0.171875 3.367778697655221e-17 0.378125 0.2140625000000001 0.378125
0 0.484375 0.16406250000000006 0.209375 0.16406250000000006 0.20937500000000003 0.37968750000000007 0.484375 0.37968750000000007
0 0.7546875 0.16875000000000007 0.484375 0.16875000000000004 0.484375 0.37968750000000007 0.7546875 0.37968750000000007
0 1 0.1734375000000001 0.7515625 0.17343750000000008 0.7515625 0.3765625000000001 1 0.3765625000000001
0 0.2218750000000001 0.375 4.592425496802575e-17 0.375 5.826639849068266e-17 0.5765625 0.2218750000000001 0.5765625
0 0.49375 0.37812500000000004 0.22656250000000008 0.378125 0.22656250000000008 0.5828125 0.49375 0.5828125
0 0.7625 0.3781250000000001 0.496875 0.3781250000000001 0.496875 0.5750000000000001 0.7625 0.5750000000000002
0 0.9984375 0.3781250000000001 0.765625 0.3781250000000001 0.765625 0.5796875000000001 0.9984375 0.5796875000000001
0 0.22656250000000008 0.5734375 7.022583988860603e-17 0.5734375 8.247230788007957e-17 0.7734375 0.22656250000000008 0.7734375
0 0.4921875000000001 0.58125 0.2328125000000001 0.58125 0.2328125000000001 0.771875 0.49218750000000017 0.771875
0 0.7515625000000001 0.5781250000000001 0.4859375 0.578125 0.4859375000000001 0.7718750000000001 0.7515625000000001 0.7718750000000002
0 1 0.5781250000000002 0.7484375 0.5781250000000002 0.7484375000000001 0.7765625000000002 1 0.7765625000000002