0 0.3234375 0.06250000000000003 7.654042494670958e-18 0.0625 2.4684287045313837e-17 0.340625 0.3234375 0.340625
0 0.5875 0.11093750000000006 0.3140625 0.11093750000000005 0.3140625 0.34687500000000004 0.5875 0.3468750000000001
0 0.8375 0.15625000000000008 0.603125 0.15625000000000008 0.603125 0.3671875000000001 0.8375 0.3671875000000001
0 0.853125 0.3625000000000001 0.6125 0.3625000000000001 0.6125 0.5828125000000001 0.853125 0.5828125000000002
0 1 0.1562500000000001 0.83125 0.15625000000000008 0.83125 0.3546875000000001 1 0.3546875000000001
0 1 0.3468750000000001 0.8515625 0.3468750000000001 0.8515625 0.5453125000000002 1 0.5453125000000002
0 0.32500000000000007 0.5640625 6.907773351440539e-17 0.5640625 8.792581315753263e-17 0.871875 0.32500000000000007 0.871875
0 0.6015625000000001 0.5484375 0.3296875000000001 0.5484375 0.3296875000000001 0.803125 0.6015625000000002 0.803125
0 0.85625 0.5515625000000001 0.6359375 0.5515625 0.6359375 0.7968750000000001 0.85625 0.7968750000000002
0 1 0.5281250000000002 0.8484375 0.5281250000000002 0.8484375 0.7390625000000002 1 0.7390625000000002
0 1 1.114619938286458e-16 0.8203125 1.0045930774255631e-16 0.8203125 0.17656250000000012 1 0.17656250000000012
0 0.8609375 0.7406250000000001 0.6359375000000002 0.740625 0.6359375000000002 0.934375 0.8609375 0.934375
0 0.8265625 8.668203125214859e-17 0.5890625 7.213935051227377e-17 0.5890625 0.1750000000000001 0.8265625 0.1750000000000001
0 0.321875 1.9709159423777714e-17 0 0 6.314585058103541e-18 0.10312500000000002 0.321875 0.10312500000000005
0 0.5921875 5.57788346799146e-17 0.31875 3.903561672282188e-17 0.31875 0.14843750000000006 0.5921875 0.14843750000000008
0 0.321875 0.328125 4.0183723097022526e-17 0.328125 5.663991446056509e-17 0.596875 0.3218750000000001 0.596875
0 0.590625 0.33906250000000004 0.3125 0.3390625 0.31250000000000006 0.575 0.590625 0.575
0 0.33281250000000007 0.80625 9.873714818125535e-17 0.80625 1.0677389280065986e-16 0.9375 0.33281250000000007 0.9375
0 0.5937500000000002 0.7546875 0.3265625000000001 0.7546875 0.3265625000000001 0.9390625 0.5937500000000002 0.9390625
0 0.9984375 0.7062500000000002 0.853125 0.7062500000000002 0.853125 0.9390625 0.9984375 0.9390625