0 0.2421875 1.4829707333424978e-17 0 0 5.836207402186606e-18 0.09531250000000001 0.2421875 0.09531250000000002
0 0.23437500000000006 0.0921875 0.0015625000000000111 0.0921875 0.001562500000000028 0.36875 0.23437500000000008 0.36875
0 0.2296875000000001 0.365625 4.4776148593825096e-17 0.365625 6.113666442618427e-17 0.6328125 0.2296875000000001 0.6328125
0 0.24375000000000008 0.628125 7.692312707144312e-17 0.628125 9.318796737261892e-17 0.89375 0.24375000000000008 0.89375
0 0.490625 0.09218750000000005 0.2375 0.09218750000000002 0.23750000000000004 0.36718750000000006 0.490625 0.3671875000000001
0 0.484375 0.35781250000000003 0.2421875 0.3578125 0.24218750000000006 0.6234375 0.484375 0.6234375
0 0.4953125000000001 0.6234375 0.2484375000000001 0.6234375 0.2484375000000001 0.89375 0.49531250000000016 0.89375
0 0.7171875 0.10625000000000007 0.4859375 0.10625000000000004 0.4859375 0.3515625000000001 0.7171875 0.3515625000000001
0 0.7296875 0.3578125000000001 0.4890625 0.3578125000000001 0.4890625 0.628125 0.7296875 0.6281250000000002
0 0.7343750000000001 0.6250000000000001 0.4921875 0.625 0.4921875000000001 0.8921875 0.7343750000000002 0.8921875
0 0.9234375 1.0151173858557357e-16 0.734375 8.993499931238375e-17 0.734375 0.1343750000000001 0.9234375 0.13437500000000013
0 0.9234375 0.1328125000000001 0.73125 0.13281250000000008 0.73125 0.3453125000000001 0.9234375 0.3453125000000001
0 0.9796875 0.3468750000000001 0.7328125 0.3468750000000001 0.7328125 0.6250000000000002 0.9796875 0.6250000000000002
0 0.975 0.6156250000000002 0.7296875 0.6156250000000002 0.7296875 0.89375 0.975 0.89375