0 0.2203125 1.3490249896857564e-17 0 0 7.749718025854346e-18 0.12656250000000002 0.2203125 0.12656250000000005
0 0.4578125 4.1236153940039786e-17 0.215625 2.6406446606614805e-17 0.215625 0.11718750000000004 0.4578125 0.11718750000000004
0 1 1.0715659492539341e-16 0.75 9.18485099360515e-17 0.75 0.08906250000000011 1 0.08906250000000013
0 0.1765625 0.1234375 1.511673392697514e-17 0.1234375 2.4779962576497225e-17 0.28125 0.17656250000000004 0.28125
0 0.4703125 0.12343750000000002 0.175 0.1234375 0.17500000000000002 0.2671875 0.4703125 0.2671875000000001
0 0.796875 0.08437500000000007 0.4828125 0.08437500000000006 0.4828125 0.2609375000000001 0.796875 0.2609375000000001
0 1 0.09687500000000011 0.7890625 0.09687500000000009 0.7890625 0.2500000000000001 1 0.2500000000000001
0 0.4828125 0.321875 0.18281250000000004 0.321875 0.18281250000000004 0.4953125 0.4828125 0.4953125
0 1 0.3078125000000001 0.7984375 0.3078125000000001 0.7984375 0.48750000000000016 1 0.48750000000000016
0 0.4828125 0.484375 0.2515625000000001 0.484375 0.2515625000000001 0.6515625 0.4828125 0.6515625
0 0.7671875 0.48906250000000007 0.5015625 0.4890625 0.5015625 0.6718750000000001 0.7671875 0.6718750000000002
0 1 0.47968750000000016 0.7640625 0.47968750000000016 0.7640625 0.6671875000000002 1 0.6671875000000002
0 0.18125000000000008 0.653125 7.99847440693115e-17 0.653125 9.031770143711729e-17 0.821875 0.18125000000000008 0.821875
0 0.4750000000000001 0.6484375 0.18750000000000008 0.6484375 0.18750000000000008 0.815625 0.4750000000000002 0.815625
0 0.8265625 0.6625000000000001 0.50625 0.6625 0.5062500000000001 0.846875 0.8265625 0.846875
0 1 0.6593750000000002 0.840625 0.6593750000000002 0.840625 0.8359375 1 0.8359375
0 0.49218750000000017 0.8140625 0.2531250000000001 0.8140625 0.2531250000000001 0.9375 0.49218750000000017 0.9375
0 0.7796875000000002 0.8375 0.5250000000000001 0.8375 0.5250000000000001 0.9375 0.7796875000000002 0.9375
0 1 0.8265625 0.7765625000000002 0.8265625 0.7765625000000002 0.9359375 1 0.9359375
0 0.734375 7.472258985422522e-17 0.4859375 5.95101803960667e-17 0.4859375 0.09062500000000008 0.734375 0.0906250000000001
0 0.19531250000000006 0.33125 4.0566425221756075e-17 0.33125 5.080370705837849e-17 0.4984375 0.19531250000000006 0.4984375
0 0.2562500000000001 0.490625 6.008423358316702e-17 0.490625 7.070421754452296e-17 0.6640625 0.2562500000000001 0.6640625
0 0.2562500000000001 0.8125 9.950255243072244e-17 0.8125 1.0715659492539341e-16 0.9375 0.2562500000000001 0.9375
0 0.8203125 0.3109375000000001 0.5015625 0.3109375000000001 0.5015625 0.4953125000000001 0.8203125 0.49531250000000016