0 0.6140625000000001 0.628125 0.4515625 0.628125 0.4515625000000001 0.8421875 0.6140625000000002 0.8421875
0 0.890625 0.0890625000000001 0.7625 0.08906250000000009 0.7625 0.2656250000000001 0.890625 0.2656250000000001
0 0.7609375 0.2609375000000001 0.615625 0.2609375000000001 0.615625 0.4468750000000001 0.7609375 0.4468750000000002
0 0.8890625 0.2640625000000001 0.759375 0.2640625000000001 0.759375 0.43750000000000017 0.8890625 0.43750000000000017
0 0.8859375 0.42968750000000017 0.7578125 0.42968750000000017 0.7578125 0.6078125000000002 0.8859375 0.6078125000000002
0 0.7578125000000001 0.6062500000000001 0.6140625 0.60625 0.6140625000000001 0.80625 0.7578125000000002 0.80625
0 0.7625 0.07343750000000007 0.615625 0.07343750000000007 0.615625 0.2640625000000001 0.7625 0.2640625000000001
0 0.61875 0.05625000000000006 0.4484375 0.05625000000000004 0.4484375 0.26250000000000007 0.61875 0.26250000000000007
0 0.61875 0.2578125000000001 0.45 0.2578125000000001 0.45 0.4578125 0.61875 0.4578125
0 0.615625 0.4453125 0.4515625 0.4453125 0.4515625 0.6515625 0.615625 0.6515625
0 0.759375 0.4375000000000001 0.6140625 0.4375 0.6140625 0.6296875000000001 0.759375 0.6296875000000002
0 0.8828125 0.5890625000000002 0.75625 0.5890625000000002 0.7562500000000001 0.7750000000000001 0.8828125 0.7750000000000001