0 0.9453125 1.0007660561782277e-16 0.6890625 8.438581850374731e-17 0.6890625 0.2312500000000001 0.9453125 0.2312500000000001
0 0.7921875 0.2140625000000001 0.5671875 0.2140625000000001 0.5671875 0.4328125000000001 0.7921875 0.43281250000000016
0 0.7296875 0.4312500000000001 0.5765625 0.43125 0.5765625 0.6359375 0.7296875 0.6359375000000002
0 0.5468750000000001 0.59375 0.4640625 0.59375 0.4640625000000001 0.76875 0.5468750000000002 0.76875
0 0.5453125 0.43125 0.3843750000000001 0.43125 0.3843750000000001 0.609375 0.5453125 0.609375
0 0.5390625 0.2468750000000001 0.4515625 0.2468750000000001 0.4515625 0.43125 0.5390625 0.43125
0 0.4484375 0.09218750000000005 0.3703125 0.09218750000000005 0.3703125 0.2765625000000001 0.4484375 0.2765625000000001
0 0.3765625000000001 0.5703125 0.31718750000000007 0.5703125 0.31718750000000007 0.7265625 0.3765625000000001 0.7265625
0 0.31718750000000007 0.55625 0.2640625000000001 0.55625 0.2640625000000001 0.7 0.31718750000000007 0.7
0 0.2578125 0.14843750000000006 0.2015625 0.14843750000000006 0.2015625 0.2953125 0.2578125 0.2953125
0 0.2640625000000001 0.55 0.2140625000000001 0.55 0.2140625000000001 0.6859375 0.2640625000000001 0.6859375
0 0.2171875000000001 0.5421875 0.17031250000000003 0.5421875 0.17031250000000006 0.6703125 0.2171875000000001 0.6703125
0 0.25468750000000007 0.4234375 0.16718750000000004 0.4234375 0.16718750000000007 0.553125 0.25468750000000007 0.553125
0 0.30937500000000007 0.2796875 0.2046875 0.2796875 0.20468750000000005 0.425 0.30937500000000007 0.425
0 0.20625000000000004 0.2953125 0.16562500000000005 0.2953125 0.16562500000000005 0.4234375 0.2062500000000001 0.4234375
0 0.9515625 0.6453125000000002 0.803125 0.6453125000000002 0.803125 0.896875 0.9515625 0.896875
0 0.4484375 0.26562500000000006 0.3078125 0.265625 0.30781250000000004 0.43125 0.4484375 0.43125
0 0.3109375000000001 0.425 0.2531250000000001 0.425 0.2531250000000001 0.565625 0.3109375000000001 0.565625
0 0.3859375000000001 0.4296875 0.3218750000000001 0.4296875 0.3218750000000001 0.58125 0.3859375000000001 0.58125
0 0.4625000000000001 0.5828125 0.3890625000000001 0.5828125 0.3890625000000001 0.746875 0.4625000000000002 0.746875
0 0.94375 0.19375000000000012 0.79375 0.1937500000000001 0.79375 0.4343750000000002 0.94375 0.4343750000000002
0 0.9421875 0.4312500000000002 0.7296875 0.4312500000000002 0.7296875 0.6671875000000002 0.9421875 0.6671875000000002
0 0.7953125000000001 0.6046875 0.5765625 0.6046875 0.5765625000000001 0.8453125 0.7953125000000002 0.8453125