0 0.6140625 0.08906250000000007 0.4640625 0.08906250000000007 0.4640625 0.3078125000000001 0.6140625 0.3078125000000001
0 0.4671875 0.30937500000000007 0.340625 0.309375 0.34062500000000007 0.4921875 0.4671875 0.4921875
0 0.4640625 0.4890625 0.3390625000000001 0.4890625 0.3390625000000001 0.678125 0.4640625 0.678125
0 0.6171875000000001 0.6765625 0.4640625 0.6765625 0.4640625000000001 0.9078125 0.6171875000000002 0.9078125
0 0.17343750000000008 0.5109375 0.09062500000000007 0.5109375 0.09062500000000008 0.665625 0.17343750000000008 0.665625
0 0.08750000000000004 0.2359375 0.02031250000000003 0.2359375 0.020312500000000035 0.375 0.08750000000000005 0.375
0 0.09062500000000005 0.371875 0.020312500000000046 0.371875 0.020312500000000053 0.5109375 0.09062500000000007 0.5109375
0 0.09375000000000008 0.5046875 0.02187500000000006 0.5046875 0.021875000000000068 0.6484375 0.09375000000000008 0.6484375
0 0.834375 0.3421875000000001 0.7421875 0.3421875000000001 0.7421875 0.46875000000000017 0.834375 0.46875000000000017
0 0.8359375 0.5906250000000002 0.7453125 0.5906250000000002 0.7453125 0.7250000000000002 0.8359375 0.7250000000000002
0 0.16875000000000004 0.221875 0.08593750000000003 0.221875 0.08593750000000003 0.3734375 0.16875000000000004 0.3734375
0 0.17031250000000003 0.371875 0.08750000000000005 0.371875 0.08750000000000005 0.51875 0.17031250000000003 0.51875
0 0.06875000000000007 0.6328125 0.017187500000000078 0.6328125 0.017187500000000085 0.7453125 0.06875000000000009 0.7453125
0 0.1218750000000001 0.6421875 0.0671875000000001 0.6421875 0.0671875000000001 0.7609375 0.1218750000000001 0.7609375
0 0.1781250000000001 0.653125 0.12031250000000009 0.653125 0.12031250000000009 0.7796875 0.1781250000000001 0.7796875
0 0.465625 0.12031250000000004 0.3375 0.12031250000000004 0.3375 0.31875000000000003 0.465625 0.3187500000000001
0 0.615625 0.2953125000000001 0.465625 0.2953125000000001 0.465625 0.5015625 0.615625 0.5015625
0 0.6140625 0.4921875 0.4640625 0.4921875 0.4640625 0.70625 0.6140625 0.70625
0 0.46562500000000007 0.65625 0.3375000000000001 0.65625 0.3375000000000001 0.8640625 0.4656250000000002 0.8640625
0 0.790625 0.1984375000000001 0.7296875 0.1984375000000001 0.7296875 0.2640625000000001 0.790625 0.2640625000000001
0 0.8125 0.2515625000000001 0.7328125 0.2515625000000001 0.7328125 0.34843750000000007 0.8125 0.34843750000000007
0 0.8359375 0.46875000000000017 0.74375 0.46875000000000017 0.74375 0.5984375000000002 0.8359375 0.5984375000000002
0 0.9546875 0.2671875000000001 0.865625 0.2671875000000001 0.865625 0.36406250000000007 0.9546875 0.36406250000000007
0 1 0.26250000000000007 0.953125 0.26250000000000007 0.953125 0.3625000000000001 1 0.3625000000000001
0 0.9546875 0.36406250000000007 0.88125 0.36406250000000007 0.88125 0.4593750000000002 0.9546875 0.4593750000000002
0 1 0.36406250000000007 0.953125 0.36406250000000007 0.953125 0.46093750000000017 1 0.46093750000000017
0 0.9546875 0.4593750000000002 0.88125 0.4593750000000002 0.88125 0.5546875000000002 0.9546875 0.5546875000000002
0 1 0.46093750000000017 0.9546875 0.46093750000000017 0.9546875 0.5593750000000002 1 0.5593750000000002
0 0.9546875 0.5500000000000002 0.88125 0.5500000000000002 0.88125 0.6515625000000002 0.9546875 0.6515625000000002
0 1 0.5562500000000001 0.9546875 0.5562500000000001 0.9546875 0.6562500000000002 1 0.6562500000000002