0 0.6421875 0.16093750000000007 0.5296875 0.16093750000000004 0.5296875 0.3421875000000001 0.6421875 0.3421875000000001
0 0.725 0.1390625000000001 0.64375 0.1390625000000001 0.64375 0.3343750000000001 0.725 0.3343750000000001
0 0.725 0.32500000000000007 0.640625 0.32500000000000007 0.640625 0.4703125 0.725 0.4703125
0 0.725 0.4625 0.6390625 0.4625 0.6390625 0.621875 0.725 0.621875
0 0.7265625000000001 0.6187500000000001 0.6375 0.61875 0.6375000000000001 0.7546875000000001 0.7265625000000002 0.7546875000000002
0 0.7250000000000002 0.753125 0.6296875000000002 0.753125 0.6296875000000002 0.9359375 0.7250000000000002 0.9359375
0 0.6359375 0.61875 0.521875 0.61875 0.5218750000000001 0.7515625 0.6359375000000002 0.7515625
0 0.5218750000000001 0.61875 0.453125 0.61875 0.4531250000000001 0.7359375 0.5218750000000002 0.7359375
0 0.12656250000000005 0.2953125 0.06406250000000005 0.2953125 0.06406250000000005 0.353125 0.12656250000000005 0.353125
0 0.17968750000000006 0.2921875 0.12500000000000006 0.2921875 0.12500000000000006 0.35 0.17968750000000006 0.35
0 0.2390625 0.2890625 0.17812500000000003 0.2890625 0.17812500000000003 0.346875 0.2390625 0.346875
0 0.12500000000000006 0.35 0.06406250000000005 0.35 0.06406250000000005 0.403125 0.12500000000000006 0.403125
0 0.17968750000000006 0.3484375 0.12343750000000005 0.3484375 0.12343750000000005 0.4015625 0.17968750000000006 0.4015625
0 0.23906250000000004 0.3453125 0.17968750000000006 0.3453125 0.17968750000000006 0.4 0.2390625000000001 0.4
0 0.12031250000000004 0.4015625 0.06406250000000005 0.4015625 0.06406250000000005 0.4546875 0.12031250000000004 0.4546875
0 0.17968750000000006 0.4 0.11875000000000005 0.4 0.11875000000000005 0.453125 0.17968750000000006 0.453125
0 0.2390625000000001 0.3984375 0.17968750000000006 0.3984375 0.17968750000000006 0.4515625 0.2390625000000001 0.4515625
0 0.11875000000000005 0.453125 0.06406250000000005 0.453125 0.06406250000000005 0.50625 0.11875000000000005 0.50625
0 0.17968750000000006 0.4515625 0.11718750000000004 0.4515625 0.11718750000000004 0.5046875 0.17968750000000006 0.5046875
0 0.2390625000000001 0.45 0.17812500000000003 0.45 0.17812500000000003 0.503125 0.2390625000000001 0.503125
0 0.11718750000000007 0.5046875 0.06406250000000006 0.5046875 0.06406250000000006 0.5578125 0.11718750000000008 0.5578125
0 0.17968750000000006 0.503125 0.11718750000000004 0.503125 0.11718750000000007 0.55625 0.17968750000000008 0.55625
0 0.2406250000000001 0.5015625 0.17968750000000006 0.5015625 0.17968750000000006 0.5546875 0.2406250000000001 0.5546875
0 0.09062500000000007 0.5578125 0.06562500000000007 0.5578125 0.06562500000000007 0.60625 0.09062500000000007 0.60625
0 0.17968750000000008 0.5546875 0.10781250000000009 0.5546875 0.10781250000000009 0.6140625 0.17968750000000008 0.6140625
0 0.2390625000000001 0.5546875 0.17968750000000008 0.5546875 0.17968750000000008 0.6125 0.2390625000000001 0.6125
0 0.5296875 0.2000000000000001 0.4578125 0.2000000000000001 0.4578125 0.3656250000000001 0.5296875 0.3656250000000001
0 0.5265625 0.3593750000000001 0.4546875 0.3593750000000001 0.4546875 0.4859375 0.5265625 0.4859375
0 0.6390625 0.34062500000000007 0.525 0.34062500000000007 0.525 0.48125 0.6390625 0.48125
0 0.525 0.4828125 0.45625 0.4828125 0.45625 0.6203125 0.525 0.6203125
0 0.6375 0.471875 0.525 0.471875 0.525 0.6203125 0.6375 0.6203125