0 0.30937500000000007 0.6546875 0.1375000000000001 0.6546875 0.1375000000000001 0.8265625 0.30937500000000007 0.8265625
0 0.33281250000000007 0.4796875 0.19687500000000005 0.4796875 0.19687500000000008 0.6671875 0.33281250000000007 0.6671875
0 0.26875000000000004 0.3109375 0.13593750000000004 0.3109375 0.13593750000000004 0.4859375 0.2687500000000001 0.4859375
0 0.5046875000000001 0.625 0.37968750000000007 0.625 0.37968750000000007 0.8078125 0.5046875000000002 0.8078125
0 0.4671875 0.478125 0.3265625000000001 0.478125 0.3265625000000001 0.640625 0.4671875 0.640625
0 0.503125 0.3140625 0.3546875 0.3140625 0.35468750000000004 0.48125 0.503125 0.48125
0 0.565625 0.15000000000000008 0.4421875 0.15000000000000005 0.4421875 0.3218750000000001 0.565625 0.3218750000000001
0 0.65625 0.3140625000000001 0.5015625 0.3140625000000001 0.5015625 0.4796875 0.65625 0.4796875
0 0.68125 0.478125 0.546875 0.478125 0.546875 0.64375 0.68125 0.64375
0 0.8578125 0.6500000000000001 0.6890625 0.65 0.6890625000000001 0.81875 0.8578125 0.81875
0 0.790625 0.48125000000000007 0.6765625 0.48125 0.6765625 0.6609375000000001 0.790625 0.6609375000000002
0 0.85625 0.3109375000000001 0.73125 0.3109375000000001 0.73125 0.4828125000000002 0.85625 0.4828125000000002
0 0.7078125 0.1437500000000001 0.5640625 0.1437500000000001 0.5640625 0.3203125000000001 0.7078125 0.3203125000000001
0 0.44375 0.13593750000000004 0.2984375 0.13593750000000004 0.2984375 0.32031250000000006 0.44375 0.3203125000000001
0 0.6328125000000001 0.625 0.503125 0.625 0.503125 0.8 0.6328125000000002 0.8