0 0.6171875000000001 0.6125 0.36406250000000007 0.6125 0.36406250000000007 0.8390625 0.6171875000000002 0.8390625
0 0.83125 0.58125 0.615625 0.58125 0.6156250000000001 0.7875000000000001 0.83125 0.7875000000000002
0 0.925 0.5671875000000002 0.8296875 0.5671875000000002 0.8296875 0.7437500000000001 0.925 0.7437500000000001
0 0.615625 0.25312500000000004 0.35625 0.253125 0.35625000000000007 0.446875 0.615625 0.446875
0 0.8296875 0.2484375000000001 0.6125 0.2484375000000001 0.6125 0.4328125000000001 0.8296875 0.43281250000000016
0 0.9296875 0.2468750000000001 0.828125 0.2468750000000001 0.828125 0.4109375000000002 0.9296875 0.4109375000000002
0 0.728125 0.06718750000000008 0.4859375 0.06718750000000007 0.4859375 0.2531250000000001 0.728125 0.2531250000000001
0 0.93125 0.0750000000000001 0.728125 0.0750000000000001 0.728125 0.2484375000000001 0.93125 0.2484375000000001
0 0.490625 0.4421875 0.3546875000000001 0.4421875 0.3546875000000001 0.646875 0.490625 0.646875
0 0.4796875 0.06250000000000006 0.3453125 0.06250000000000004 0.3453125 0.25468750000000007 0.4796875 0.25468750000000007
0 0.73125 0.4203125000000001 0.490625 0.4203125 0.490625 0.6265625000000001 0.73125 0.6265625000000001
0 0.9296875 0.4078125000000002 0.73125 0.4078125000000002 0.73125 0.5953125000000001 0.9296875 0.5953125000000001