0 0.5828125000000002 0.815625 0.4703125000000002 0.815625 0.4703125000000002 0.9375 0.5828125000000002 0.9375
0 0.6906250000000002 0.8046875 0.5843750000000002 0.8046875 0.5843750000000002 0.925 0.6906250000000002 0.925
0 0.4687500000000001 0.703125 0.3515625000000001 0.703125 0.3515625000000001 0.8234375 0.46875000000000017 0.8234375
0 0.5828125000000001 0.6953125 0.471875 0.6953125 0.4718750000000001 0.8078125 0.5828125000000002 0.8078125
0 0.690625 0.6890625 0.5859375 0.6890625 0.5859375000000001 0.8015625 0.6906250000000002 0.8015625
0 0.4671875 0.56875 0.3500000000000001 0.56875 0.3500000000000001 0.6875 0.4671875 0.6875
0 0.58125 0.5671875 0.471875 0.5671875 0.471875 0.678125 0.58125 0.678125
0 0.69375 0.5609375 0.5859375 0.5609375 0.5859375 0.671875 0.69375 0.671875
0 0.4671875 0.4359375 0.3500000000000001 0.4359375 0.3500000000000001 0.54375 0.4671875 0.54375
0 0.5828125 0.434375 0.471875 0.434375 0.471875 0.5421875 0.5828125 0.5421875
0 0.6953125 0.4359375 0.5890625 0.4359375 0.5890625 0.5359375 0.6953125 0.5359375
0 0.465625 0.30781250000000004 0.35 0.3078125 0.35000000000000003 0.409375 0.465625 0.409375
0 0.58125 0.3062500000000001 0.4734375 0.3062500000000001 0.4734375 0.4109375 0.58125 0.4109375
0 0.69375 0.3062500000000001 0.5890625 0.3062500000000001 0.5890625 0.409375 0.69375 0.409375
0 0.4640625 0.17031250000000003 0.3484375 0.17031250000000003 0.3484375 0.27343750000000006 0.4640625 0.2734375000000001
0 0.5859375 0.17187500000000006 0.4703125 0.17187500000000006 0.4703125 0.2765625000000001 0.5859375 0.2765625000000001
0 0.69375 0.1765625000000001 0.590625 0.1765625000000001 0.590625 0.2765625000000001 0.69375 0.2765625000000001
0 0.4640625 0.014062500000000047 0.3359375 0.014062500000000039 0.3359375 0.12968750000000004 0.4640625 0.12968750000000004
0 0.5859375 0.020312500000000063 0.4703125 0.020312500000000056 0.4703125 0.13281250000000006 0.5859375 0.13281250000000008
0 0.7 0.028125000000000084 0.590625 0.028125000000000077 0.590625 0.1359375000000001 0.7 0.1359375000000001
0 0.46875000000000017 0.8265625 0.3500000000000001 0.8265625 0.3500000000000001 0.95625 0.46875000000000017 0.95625