0 0.24218750000000008 0.4421875 0.09687500000000004 0.4421875 0.09687500000000006 0.578125 0.24218750000000008 0.578125
0 0.921875 0.2156250000000001 0.8015625 0.2156250000000001 0.8015625 0.3265625000000001 0.921875 0.3265625000000001
0 0.93125 0.3265625000000001 0.771875 0.3265625000000001 0.771875 0.4578125000000002 0.93125 0.4578125000000002
0 0.728125 0.3218750000000001 0.5625 0.3218750000000001 0.5625 0.4515625000000001 0.728125 0.4515625000000002
0 0.86875 0.44531250000000017 0.728125 0.44531250000000017 0.728125 0.5906250000000002 0.86875 0.5906250000000002
0 0.7203125 0.4375 0.5734375 0.4375 0.5734375 0.5703125 0.7203125 0.5703125
0 0.7625 0.5640625000000001 0.621875 0.5640625 0.621875 0.690625 0.7625 0.6906250000000002
0 0.4828125 0.09062500000000005 0.3265625 0.09062500000000004 0.3265625 0.20000000000000004 0.4828125 0.2000000000000001
0 0.6703125 0.09218750000000007 0.515625 0.09218750000000006 0.515625 0.20312500000000008 0.6703125 0.20312500000000008
0 0.18593750000000003 0.2109375 0.07343750000000002 0.2109375 0.07343750000000003 0.3234375 0.18593750000000003 0.3234375
0 0.4125 0.19531250000000006 0.2515625 0.19531250000000006 0.2515625 0.32343750000000004 0.4125 0.3234375000000001
0 0.5859375 0.19843750000000007 0.4078125 0.19843750000000004 0.4078125 0.3234375000000001 0.5859375 0.3234375000000001
0 0.74375 0.19687500000000008 0.584375 0.19687500000000008 0.584375 0.3265625000000001 0.74375 0.3265625000000001
0 0.21718750000000003 0.3203125 0.06406250000000005 0.3203125 0.06406250000000005 0.4484375 0.2171875000000001 0.4484375
0 0.4265625 0.32343750000000004 0.259375 0.3234375 0.259375 0.4484375 0.4265625 0.4484375
0 0.5640625 0.3218750000000001 0.421875 0.3218750000000001 0.421875 0.45 0.5640625 0.45
0 0.4078125 0.4421875 0.2500000000000001 0.4421875 0.2500000000000001 0.565625 0.4078125 0.565625
0 0.5765625 0.4453125 0.4046875 0.4453125 0.4046875 0.5625 0.5765625 0.5625
0 0.2171875000000001 0.5671875 0.07031250000000007 0.5671875 0.07031250000000008 0.6875 0.2171875000000001 0.6875
0 0.4921875 0.559375 0.3531250000000001 0.559375 0.3531250000000001 0.6765625 0.4921875 0.6765625
0 0.6234375 0.559375 0.4890625 0.559375 0.4890625 0.6796875 0.6234375 0.6796875
0 0.9125 0.5734375000000002 0.759375 0.5734375000000002 0.759375 0.7078125000000002 0.9125 0.7078125000000002