0 0.45781250000000007 0.6890625 0.3046875000000001 0.6890625 0.3046875000000001 0.9671875 0.4578125000000002 0.9671875
0 0.3062500000000001 0.615625 0.13281250000000008 0.615625 0.13281250000000008 0.8828125 0.3062500000000001 0.8828125
0 0.2546875 0.07187500000000002 0.128125 0.07187500000000002 0.12812500000000002 0.28125 0.2546875 0.28125
0 0.353125 0.08437500000000003 0.2546875 0.08437500000000002 0.2546875 0.2984375 0.353125 0.2984375
0 0.45625 0.27812500000000007 0.2109375 0.278125 0.21093750000000006 0.540625 0.45625 0.540625
0 0.4609375 0.09687500000000006 0.353125 0.09687500000000004 0.353125 0.31875000000000003 0.4609375 0.3187500000000001
0 0.21093750000000006 0.253125 0.12656250000000005 0.253125 0.12656250000000005 0.4578125 0.21093750000000008 0.4578125
0 0.2562500000000001 0.4359375 0.13125000000000003 0.4359375 0.13125000000000006 0.6671875 0.2562500000000001 0.6671875
0 0.3500000000000001 0.4796875 0.2562500000000001 0.4796875 0.2562500000000001 0.70625 0.3500000000000001 0.70625
0 0.4546875000000001 0.5109375 0.3500000000000001 0.5109375 0.3500000000000001 0.753125 0.4546875000000002 0.753125
0 0.2562500000000001 0.7890625 0.13281250000000008 0.7890625 0.1328125000000001 1 0.2562500000000001 1
0 0.34843750000000007 0.8546875 0.2562500000000001 0.8546875 0.2562500000000001 1 0.34843750000000007 1
0 0.45312500000000017 0.909375 0.3515625000000001 0.909375 0.3515625000000001 1 0.45312500000000017 1