0 0.5265625 0.3375000000000001 0.4015625 0.3375000000000001 0.4015625 0.490625 0.5265625 0.490625
0 0.7796875 0.24218750000000008 0.6625 0.24218750000000008 0.6625 0.3703125000000001 0.7796875 0.3703125000000001
0 0.6640625 0.2843750000000001 0.521875 0.2843750000000001 0.521875 0.4890625 0.6640625 0.4890625
0 0.5062500000000001 0.4671875 0.41875 0.4671875 0.41875000000000007 0.7296875 0.5062500000000002 0.7296875
0 0.63125 0.5671875 0.50625 0.5671875 0.50625 0.7203125 0.63125 0.7203125
0 0.5234375000000001 0.6828125 0.4390625 0.6828125 0.4390625000000001 0.8640625 0.5234375000000002 0.8640625
0 0.6078125000000001 0.6765625 0.521875 0.6765625 0.5218750000000001 0.8171875 0.6078125000000002 0.8171875
0 0.7703125 0.4609375000000001 0.628125 0.4609375 0.628125 0.6484375000000001 0.7703125 0.6484375000000002
0 0.7468750000000001 0.5921875000000001 0.6140625 0.5921875 0.6140625000000001 0.7609375 0.7468750000000002 0.7609375000000002
0 0.8 0.3265625000000001 0.6390625 0.3265625000000001 0.6390625 0.5109375 0.8 0.5109375000000002
0 0.646875 0.44375 0.5015625 0.44375 0.5015625 0.6359375 0.646875 0.6359375