0 0.6546875 0.45 0.35625000000000007 0.45 0.35625000000000007 0.571875 0.6546875 0.571875
0 0.35625000000000007 0.39375 0.17031250000000003 0.39375 0.17031250000000003 0.4953125 0.35625000000000007 0.4953125
0 0.6015625000000001 0.6109375 0.34843750000000007 0.6109375 0.34843750000000007 0.7359375 0.6015625000000002 0.7359375
0 0.628125 0.53125 0.3593750000000001 0.53125 0.3593750000000001 0.6625 0.628125 0.6625
0 0.3625000000000001 0.4703125 0.17343750000000005 0.4703125 0.17343750000000008 0.5703125 0.3625000000000001 0.5703125
0 0.3578125000000001 0.54375 0.2000000000000001 0.54375 0.2000000000000001 0.625 0.3578125000000001 0.625
0 0.32500000000000007 0.596875 0.2078125000000001 0.596875 0.2078125000000001 0.6765625 0.32500000000000007 0.6765625
0 0.2093750000000001 0.559375 0.11250000000000009 0.559375 0.11250000000000009 0.6484375 0.2093750000000001 0.6484375
0 0.16718750000000004 0.39375 0.05312500000000005 0.39375 0.053125000000000054 0.4546875 0.16718750000000004 0.4546875
0 0.18750000000000006 0.4453125 0.08593750000000004 0.4453125 0.08593750000000006 0.5703125 0.18750000000000008 0.5703125
0 0.578125 0.3921875 0.3578125000000001 0.3921875 0.3578125000000001 0.475 0.578125 0.475